time,steer,desired_speed,lidar_0,lidar_1,lidar_2,lidar_3,lidar_4,lidar_5,lidar_6,lidar_7,lidar_8,lidar_9,lidar_10,lidar_11,lidar_12,lidar_13,lidar_14,lidar_15,lidar_16,lidar_17,lidar_18,lidar_19,lidar_20,lidar_21,lidar_22,lidar_23,lidar_24,lidar_25,lidar_26,lidar_27,lidar_28,lidar_29,lidar_30,lidar_31,lidar_32,lidar_33,lidar_34,lidar_35,lidar_36,lidar_37,lidar_38,lidar_39,lidar_40,lidar_41,lidar_42,lidar_43,lidar_44,lidar_45,lidar_46,lidar_47,lidar_48,lidar_49,lidar_50,lidar_51,lidar_52,lidar_53,lidar_54,lidar_55,lidar_56,lidar_57,lidar_58,lidar_59,lidar_60,lidar_61,lidar_62,lidar_63,lidar_64,lidar_65,lidar_66,lidar_67,lidar_68,lidar_69,lidar_70,lidar_71,lidar_72,lidar_73,lidar_74,lidar_75,lidar_76,lidar_77,lidar_78,lidar_79,lidar_80,lidar_81,lidar_82,lidar_83,lidar_84,lidar_85,lidar_86,lidar_87,lidar_88,lidar_89,lidar_90,lidar_91,lidar_92,lidar_93,lidar_94,lidar_95,lidar_96,lidar_97,lidar_98,lidar_99,lidar_100,lidar_101,lidar_102,lidar_103,lidar_104,lidar_105,lidar_106,lidar_107,lidar_108,lidar_109,lidar_110,lidar_111,lidar_112,lidar_113,lidar_114,lidar_115,lidar_116,lidar_117,lidar_118,lidar_119,lidar_120,lidar_121,lidar_122,lidar_123,lidar_124,lidar_125,lidar_126,lidar_127,lidar_128,lidar_129,lidar_130,lidar_131,lidar_132,lidar_133,lidar_134,lidar_135,lidar_136,lidar_137,lidar_138,lidar_139,lidar_140,lidar_141,lidar_142,lidar_143,lidar_144,lidar_145,lidar_146,lidar_147,lidar_148,lidar_149,lidar_150,lidar_151,lidar_152,lidar_153,lidar_154,lidar_155,lidar_156,lidar_157,lidar_158,lidar_159,lidar_160,lidar_161,lidar_162,lidar_163,lidar_164,lidar_165,lidar_166,lidar_167,lidar_168,lidar_169,lidar_170,lidar_171,lidar_172,lidar_173,lidar_174,lidar_175,lidar_176,lidar_177,lidar_178,lidar_179,lidar_180,lidar_181,lidar_182,lidar_183,lidar_184,lidar_185,lidar_186,lidar_187,lidar_188,lidar_189,lidar_190,lidar_191,lidar_192,lidar_193,lidar_194,lidar_195,lidar_196,lidar_197,lidar_198,lidar_199,lidar_200,lidar_201,lidar_202,lidar_203,lidar_204,lidar_205,lidar_206,lidar_207,lidar_208,lidar_209,lidar_210,lidar_211,lidar_212,lidar_213,lidar_214,lidar_215,lidar_216,lidar_217,lidar_218,lidar_219,lidar_220,lidar_221,lidar_222,lidar_223,lidar_224,lidar_225,lidar_226,lidar_227,lidar_228,lidar_229,lidar_230,lidar_231,lidar_232,lidar_233,lidar_234,lidar_235,lidar_236,lidar_237,lidar_238,lidar_239,lidar_240,lidar_241,lidar_242,lidar_243,lidar_244,lidar_245,lidar_246,lidar_247,lidar_248,lidar_249,lidar_250,lidar_251,lidar_252,lidar_253,lidar_254,lidar_255,lidar_256,lidar_257,lidar_258,lidar_259,lidar_260,lidar_261,lidar_262,lidar_263,lidar_264,lidar_265,lidar_266,lidar_267,lidar_268,lidar_269,lidar_270,lidar_271,lidar_272,lidar_273,lidar_274,lidar_275,lidar_276,lidar_277,lidar_278,lidar_279,lidar_280,lidar_281,lidar_282,lidar_283,lidar_284,lidar_285,lidar_286,lidar_287,lidar_288,lidar_289,lidar_290,lidar_291,lidar_292,lidar_293,lidar_294,lidar_295,lidar_296,lidar_297,lidar_298,lidar_299,lidar_300,lidar_301,lidar_302,lidar_303,lidar_304,lidar_305,lidar_306,lidar_307,lidar_308,lidar_309,lidar_310,lidar_311,lidar_312,lidar_313,lidar_314,lidar_315,lidar_316,lidar_317,lidar_318,lidar_319,lidar_320,lidar_321,lidar_322,lidar_323,lidar_324,lidar_325,lidar_326,lidar_327,lidar_328,lidar_329,lidar_330,lidar_331,lidar_332,lidar_333,lidar_334,lidar_335,lidar_336,lidar_337,lidar_338,lidar_339,lidar_340,lidar_341,lidar_342,lidar_343,lidar_344,lidar_345,lidar_346,lidar_347,lidar_348,lidar_349,lidar_350,lidar_351,lidar_352,lidar_353,lidar_354,lidar_355,lidar_356,lidar_357,lidar_358,lidar_359
0.1,0.0,2.0,9.270871976069293,9.369786743395071,9.500308521360903,9.597672788812146,9.704657982731886,9.811246617702603,9.846206179555919,9.97654713397752,10.031014400880936,10.106377007501184,10.157534372705554,10.229700784947777,10.270920812819647,10.306378687539695,10.337542820632484,6.025372187673959,5.659218223687161,5.364250247963874,5.0253447751147675,4.804509216884778,4.550600095590961,4.375672012464692,4.182032777773824,4.002125985169742,3.8465228201014936,3.7073136106329194,3.5797812621025464,3.4468050703201545,3.3331477459820578,3.2143997725887172,3.1536441204786034,3.0471339502014647,2.96328055225322,2.880391907598484,2.7932603911404263,2.7573557626250063,2.6794033307056266,2.61052108400743,2.5442008924887154,2.5024336213079965,2.4578557499682585,2.3968528933510913,2.352418850241736,2.3003677382113294,2.2531842280782217,2.2241930022969765,2.1810410420938253,2.1385424970831375,2.137185757451779,2.093674030179876,2.0387650088861573,2.023772545458339,1.9738252249305186,1.9482129381737143,1.949044567661788,1.9309040302438802,1.9047478131686346,1.8682362234503676,1.8512200970606731,1.8222983966164628,1.823098547996367,1.8097931916941685,1.791148493530242,1.7769850270799414,1.7209423354703053,1.752687215232482,1.7154394300211928,1.6936215378974677,1.7055624378963958,1.6887397059050668,1.6630059788872922,1.6550305118549737,1.6525217722715895,1.6478388121253742,1.638913833916642,1.6164949588642359,1.6119647711733591,1.6209585050678144,1.589939890036973,1.5950618070912876,1.5972859050780452,1.577038458741773,1.574941535751838,1.5733820019140894,1.5864931637236805,1.5786819550140647,1.5775684022442307,1.597164667450734,1.5656108691828374,1.5716724911360276,1.5840715781011507,1.5831134561718903,1.5796107969104143,1.5773089953552737,1.6009521952867491,1.563101336377944,1.560978042857044,1.577850695018763,1.5732514924146537,1.596377387622075,1.6025848256301554,1.6002458090841285,1.5812450205157278,1.6190971163943264,1.6262239302541914,1.612514414815609,1.6355267535871147,1.6429976431905495,1.6717101490818331,1.6508433573184755,1.6843045037055602,1.6709254539850287,1.6997698780907802,1.6954950494600507,1.7285207380774574,1.7265262130537373,1.7345378408411167,1.7469358825134331,1.7696927394346225,1.7960600502217678,1.8329333948636517,1.8333221784660745,1.854224005777936,1.8765502497704554,1.888011193773625,1.9107416235847359,1.919324375719137,1.9767599255422343,1.9925996494825164,2.018601911164162,2.0192457240821677,2.0758588240064295,2.1242079946023344,2.1619889500089884,2.163237580506531,2.218838653652818,2.2472591837350864,2.3035549122349983,2.3319205195802106,2.39435181297646,2.436242198128304,2.4955112997642885,2.55654711784987,2.6017379531843092,2.6836332696508176,2.7336663680038624,2.8032520238051606,2.8770751668325385,2.9441458247774452,3.063319331414552,3.134583201056553,3.2487725837728556,3.3439670571040763,3.479481508757808,3.584228470068567,3.720497588808519,3.8486547361173806,4.014741386799657,4.190844446528484,4.37132091078723,4.596885535063982,4.799748159149836,5.093158659229275,5.376683196642159,5.68753783608873,6.024268596426964,6.507542358394222,7.053571414920188,7.547444689871341,8.284848287024623,9.034829775998706,10.111791481680626,14.086974773884242,13.983211082539327,13.953280627488335,13.846840949845864,13.712907443460377,13.619196506562966,13.452521435746556,5.677501630077884,5.67759975222862,5.679428565844692,12.794008371670294,12.543151621626405,12.314652823918285,12.015661703198672,11.745076885948553,11.362391788716884,10.955673996260117,10.1765642127801,9.308695764866709,8.412433772426079,7.669221641346728,7.159286444979669,6.633843542493479,6.253183421111112,5.824122365294772,5.538420248238845,5.214696077576132,4.989141205848715,4.710820046089087,4.47360354069409,4.315065447806138,4.122135837382093,3.9593281073444166,3.829819742921217,3.6919034069421977,3.5747198892358596,3.4717626855549244,3.352313898573898,3.2222838517615595,3.122765455973953,3.071649408604878,2.9845697570045884,2.90906570972003,2.8147033440650064,2.7505938717062324,2.7118726422514805,2.6401208609898745,2.576967623659338,2.514314412789185,2.4391071555965866,2.4094686704245385,2.3844817594322603,2.3393495188310047,2.3102527931395747,2.260028904480454,2.199855694658847,2.1684923915892105,2.1453403010147998,2.1268429314106077,2.0910934648251454,2.062755394045156,2.0464658881515922,2.0035092228495532,1.975277064965052,1.956824867891608,1.9332244935041736,1.9059825960706873,1.9084693811222138,1.8882700355847364,1.8660101866217844,1.845475149573446,1.8288357516160172,1.81929243633407,1.8021223181852026,1.7907586087093443,1.7609070600776457,1.769932611809249,1.7482410945671574,1.7515212070736623,1.72802764699527,1.7384083504615802,1.696148663316937,1.6968037510581058,1.697779650961752,1.6739967999126613,1.6776479165674316,1.6493575313348114,1.6614506713678494,1.675184725342295,1.6533201586834831,1.6243520344701647,1.6556506627801713,1.6395551941369073,1.6439742637856152,1.6259821643192762,1.640672652231011,1.62972903221906,1.6519562559633587,1.6378404975955945,1.633629102677128,1.6405516183970614,1.6504447538575733,1.6323376478391067,1.6345804262151686,1.6368105290889516,1.6492224819842956,1.6484809482181593,1.6645847733300847,1.668200290127644,1.6559296397137055,1.6712584670281716,1.6854204545421176,1.7029183113913278,1.6947129059426966,1.6908121868687307,1.6997008129641382,1.7212256634989485,1.7242184086233168,1.7455900202230048,1.7193527021065134,1.761107005649908,1.78941178828666,1.7890732835738055,1.7910125613612484,1.8241285956658468,1.8073650572894033,1.841510681348257,1.8377281529200187,1.887815185452052,1.890754298232385,1.910121469734949,1.9479933501720834,1.9609941953587082,1.9924796615662541,2.024285072764808,2.0370295770276794,2.0667221667920974,2.1106799455819245,2.1006218613799508,2.1611197148962034,2.1787484619951107,2.210966798463857,2.2664062948591797,2.2985072701950284,2.340288035875452,2.3893359288955387,2.437094194193616,2.4732764127329485,2.5605478315834427,2.5868854972089435,2.639254324779536,2.7129759120124657,2.769940338519828,2.824609622445299,2.8872988740526853,3.021773142294458,3.0581885115410516,3.1627215091626835,3.241127223759134,3.3614412566240333,3.463357899968793,3.592006684392836,3.7103599717789058,3.8262799336257873,3.9989500457239857,4.163105029164557,4.338635361136073,4.519741628229757,4.752234126799058,4.953610200634952,5.266059712941859,5.578411968671934,5.906324317152482,6.3027342108786275,6.644718830278884,7.002885407530712,7.20685281282342,7.477293946775218,7.655212046950939,7.901755578284563,8.09308591011401,8.24474139342346,8.447604982601364,8.581631214760234,8.74698314868587,8.891486162489059,9.04726534894781,9.155099105801515
0.2,-0.002726246257460768,2.0,9.346469493939296,9.485297030072516,9.599057725560531,9.714971973341994,9.796893376942702,9.89597107112122,9.972697047504246,10.041925639286568,10.141457372466258,10.198105592300491,10.264744423816241,10.303349934920682,10.366794555331849,10.39902006997618,6.417255627853671,5.984343661346983,5.633967432495314,5.314425965485754,5.038456645750906,4.7783227485061674,4.575905901837955,4.3473951849002805,4.164710132804309,3.977722913870978,3.823490830265684,3.699544403420105,3.5568119963961604,3.429712512140106,3.3298607122992814,3.216190141579477,3.111130991289115,3.0209722822295686,2.932386843502774,2.8608908000909903,2.7889260068819524,2.717087810359592,2.641146320522087,2.58706011360023,2.5320266278842167,2.472989521873514,2.425971851056995,2.380343437992351,2.3528259309246744,2.3165270006841094,2.2304875358673315,2.213805097607324,2.1756117498639393,2.1481464904823757,2.0999032853240505,2.0817780606388716,2.040375083924339,2.0003675507813825,1.9778623477868535,1.957326339128861,1.9368340710177097,1.9098079098065828,1.8916472252566936,1.8676159436658195,1.8343912214361187,1.8306066454962087,1.7906199312706148,1.7921430194725683,1.7799080327496832,1.7546427112202296,1.7368253177440927,1.751384569934736,1.7126295530015723,1.6887723201710652,1.705166398320682,1.6822017171966397,1.6660538825718247,1.6502522262833517,1.6257958441976257,1.6305024528460799,1.6335636179853559,1.6275794565428303,1.6243369699611252,1.6163491307097135,1.6280591762469607,1.5969407554616581,1.6029238504239427,1.5727965032495095,1.583460207886483,1.5911065821402748,1.583639749677784,1.5775943157283008,1.5825459580019658,1.5878512730243983,1.5875808757048835,1.5945273471138965,1.596458695439549,1.5781611751808513,1.5955063246247745,1.561249451588816,1.581433309396946,1.577418966550772,1.5802198188546623,1.586922099178565,1.5693258034422088,1.594914155972453,1.5989923755723534,1.61054875997507,1.6042007209673237,1.6214659335537311,1.6161843226833652,1.6226389058124884,1.6502593136300001,1.6296180153876334,1.6549354114415507,1.6603674264179218,1.679165851779983,1.6667148425057743,1.684036355937023,1.6984603782017855,1.718819154351493,1.7344965615608101,1.730804830681566,1.7722978615815348,1.7745257127685823,1.7965545410339592,1.8111534110280885,1.8485216679578251,1.8585584978256127,1.8586385129588312,1.9038463548491822,1.9144018773161475,1.9558344923139028,1.9583163727903805,1.9874491421792213,2.026953142297518,2.0704887301919714,2.0804785198499,2.117747468504322,2.1286368152316477,2.173638074669703,2.205767994617486,2.2668022890356463,2.2900849759512285,2.340410446569145,2.4250641009579956,2.4363253896315546,2.5180397199290856,2.5532227207422014,2.6195894448868176,2.6700655947974288,2.731697542331989,2.8094101062073102,2.8833424107531287,2.980532269335422,3.058460059972649,3.1757525306846905,3.240283104591658,3.370228964891628,3.467811893507975,3.604705897238545,3.718789741219808,3.869173580641363,4.026927690522777,4.212061928507457,4.426880410441106,4.6049694849167855,4.8595187273860905,5.114256518063351,5.4213902429176875,5.7004427541723395,6.119309007240315,6.569997734974957,7.043643200649607,7.677074762692699,8.298365705702341,9.21116838792347,10.091725084028813,13.989309552571667,13.90053890992992,13.824129009586027,13.727951992717522,13.64331013464382,13.517366978090594,13.396469372288923,5.641631722594971,5.642071716440734,5.644231845949216,12.66143414422583,12.478141619156744,12.185838669489923,11.949106439336967,11.571425546728461,11.272818232751712,10.77064574588438,10.195309229941293,9.150555547880844,8.274208294167622,7.677358052827163,7.049067106554952,6.621432662526809,6.167076520473211,5.820190504996614,5.469518756821118,5.21462623037038,4.919828662021086,4.659210538866686,4.4691578146503135,4.296469975260511,4.12272031020772,3.9643155717735694,3.815909876698824,3.666800694882502,3.563089519758259,3.449870837343768,3.3177015739997717,3.212506482832629,3.122279414648959,3.0565156110216347,2.9472523224431337,2.8873501486823785,2.8203658590713157,2.7532013475119443,2.6906974842060007,2.6385039400197625,2.5797249530582715,2.518466735927606,2.4612946719909496,2.4138129993799686,2.3853838796572133,2.336172490063366,2.3017115936393813,2.2585818503787234,2.229324801085526,2.1793421730047076,2.135852098069617,2.128997224448125,2.0677356615827907,2.0556336115858085,2.0439743942764017,1.9827761999980413,1.9849197825585836,1.9643554953858116,1.9454733910204827,1.9130373953291995,1.8947387130652158,1.8680627226446294,1.8554840528279744,1.8527204111817006,1.8001422409906154,1.8138473896029421,1.812519139710387,1.7785943247366784,1.7516865096242429,1.773205802596481,1.7332581060852115,1.7463043338338102,1.724373448898275,1.7149282106168122,1.7004396599669223,1.7084823567762317,1.709868710168443,1.676828137835853,1.6742623458057233,1.661445961515577,1.6706120296626308,1.6421209015009564,1.6368237361851008,1.6391570970310378,1.6549207085157163,1.6410919221366256,1.6550422075904019,1.6407571472138247,1.6256606931190423,1.643322271171172,1.6102303073025415,1.6386709900434322,1.6192450097330933,1.639818052285372,1.6314334130389407,1.6304705458953261,1.641313673788602,1.6325432045404489,1.639377090185145,1.6288057151121471,1.6564640234052006,1.666046513099612,1.6538796056573712,1.6515552257574635,1.6739286405637797,1.667693292232133,1.6606654016530165,1.7096778782496294,1.6973340255783873,1.7068255011253968,1.718676832933801,1.7559019644434533,1.72846026818344,1.75911488033171,1.7604536853649622,1.7663183612763058,1.7903108576445161,1.8243788904377902,1.8363493465849685,1.8307004250931458,1.881705108627542,1.88621326114023,1.9044615903576352,1.9408329923250296,1.9488588904300033,1.9639968569265462,2.010799174479813,2.0132977469691467,2.0330388505957226,2.0835246902387747,2.103431067638768,2.109683452843234,2.159425594786478,2.2135366957243643,2.215259880614987,2.2798707882528864,2.290591665700204,2.350226411534184,2.3921113450959135,2.4351779503496096,2.4759671889864934,2.534767433131582,2.602923234657137,2.6335695786414406,2.697532054377498,2.7999565765364873,2.8452412542235237,2.927849662272642,3.0192457474105328,3.0791952248572616,3.1584169899280647,3.2685665489013407,3.357855805012572,3.4735701610393344,3.6051529830253344,3.7172411674520047,3.8700161218258304,4.0102182532774036,4.17714785052341,4.339767432715998,4.568623841702428,4.761445812900525,5.036443473753759,5.309673121709795,5.578686205820563,5.969838451621912,6.295183426187156,6.710081592210475,6.985287405999471,7.319818695799931,7.532129753412043,7.765880312760823,8.002707131946798,8.175596490364205,8.36757757241189,8.510255786773957,8.697943637600096,8.801340962605881,8.989206423756166,9.14335172405001,9.25512746922099
0.3,0.006021252741949591,2.0,9.483582385645617,9.592957361684567,9.715606393570987,9.808408403918882,9.913024441306277,9.998459489070708,10.106998824039707,10.192479846636616,10.279505343740103,10.320648830731379,10.40630864289847,10.449438387374427,10.496174801273277,10.52499437537434,6.497387151160884,6.048657469477818,5.698032218333559,5.360779679848039,5.11339770445559,4.816366818796697,4.598901373315907,4.3723700649548665,4.196368731973221,4.025324976371961,3.820683980798992,3.7298675668219197,3.575257346234246,3.458353481155271,3.339162515306978,3.2194679373601187,3.13650468424488,3.0653541976823124,2.9691538639588315,2.8783652088206346,2.8157736689236277,2.7334609720240004,2.6809423532894727,2.6029466838687214,2.5673578873757834,2.4994366601233624,2.441060227538815,2.395356790879298,2.3399813506357523,2.3133020236059405,2.268818658781964,2.203564006244616,2.18800764799393,2.137027008990807,2.12334772074549,2.0776690216433065,2.044728521135451,2.012149221420846,1.995089215687755,1.9547309276489868,1.9271134818585476,1.9085080790754072,1.9148153238666303,1.8908308769943878,1.8336316146553102,1.8469617780383702,1.8255701129407358,1.8021720314317482,1.771747719224058,1.7553665045037938,1.7443429752652941,1.740371154937118,1.7128415853125925,1.6879979364564377,1.7026533725452495,1.679563038883195,1.674335096719277,1.6654911221688806,1.6734411891365328,1.6466045130947973,1.6620921134392599,1.6267435078098031,1.6108510743010012,1.617914660676831,1.5791144536622728,1.604332047808286,1.60116360833659,1.582219275837273,1.5681992965245566,1.5811684061370617,1.5856005582503525,1.5767044350512385,1.5899737606125932,1.5888085478641683,1.5670954411953448,1.5722125634313122,1.5805911767870358,1.563990921814629,1.573000558518423,1.583434070310002,1.5756361794410547,1.5731760075396732,1.5827612777635471,1.6094985921020286,1.5830388004700433,1.5702503066211566,1.5952392418225259,1.6043327012324302,1.607103677121812,1.628391576904245,1.6195216507806887,1.6228437913146256,1.6389833366211037,1.6458910722708946,1.6403464873465587,1.6605723416063511,1.6632127298109975,1.6880705727924938,1.710067163340344,1.6951401021342605,1.6958747451697995,1.7478071614322614,1.72253462273243,1.7618342290026718,1.772943219972105,1.7867141651741603,1.817179150086888,1.8492316597635092,1.843413809188248,1.8887562674598584,1.9126181938632967,1.9111742135676977,1.9289171932953577,1.9446485187394384,1.9928625233634787,2.0210554174093276,2.0267246129093146,2.0871359029228005,2.142304003078569,2.142255360297357,2.192324370599033,2.2426227225223263,2.2557087828746787,2.291518312535164,2.351145002084454,2.405865003538122,2.4473286245717656,2.4951259200852065,2.528653104262848,2.596892673292596,2.6660640655448904,2.735672387511682,2.80386773119526,2.8697788078457718,2.9615061215005474,3.034646796930412,3.1393719742779,3.190200590362231,3.34384417240249,3.435819138349875,3.5819588690772086,3.71771525601652,3.8213256321637616,4.0249258212298535,4.184431028502673,4.377119696581583,4.567646805833999,4.809532755007415,5.039119229711173,5.358410313339396,5.690963428947148,6.056555506344871,6.504107940981341,6.947383190076715,7.565689709554014,8.153066989422804,9.03477417051238,9.920561360834816,13.853708209259564,13.77316765851641,13.731716942167832,13.611833587379113,13.495787172272472,13.392509943479741,13.26465486545135,5.587081329559288,5.587335644447235,5.589293251788115,12.560969595575854,12.399243837435053,12.10920999313311,11.890704341514185,11.550514025847562,11.226730393570389,10.800036682458542,10.28363832110494,9.30433639609941,8.400542402902785,7.791685628444771,7.15218785475835,6.726296903616732,6.240133152372707,5.90049671952406,5.543649463443127,5.2412425076457,4.975543965614881,4.719565812497835,4.51597340771156,4.307494955278269,4.163072972595438,3.979565970414056,3.8395407636054633,3.691838666915515,3.578920155320933,3.4440057644801816,3.3335018409789376,3.2453263829508336,3.141453067773339,3.045051607496976,2.9796858251040588,2.8783789009249756,2.820306902496886,2.755750105381438,2.6893832796670867,2.6482637136675495,2.573878632307188,2.5071994682345125,2.480660815275771,2.419497234935275,2.3639879984604826,2.339253789289412,2.316195176085685,2.2627209476380945,2.2159511036903154,2.1727246071411868,2.156090368435156,2.1174198100644794,2.112954301488069,2.063117978862766,2.0325588662110654,1.9974359037335394,1.9894554053422506,1.965627699199313,1.9539898028224982,1.9188061062833537,1.9112244625819732,1.8688891216828905,1.8596880052925249,1.838859843383333,1.8079389012432332,1.8287868692503135,1.8079091230005737,1.773279468191649,1.7529279704442382,1.762876968491296,1.753142394861692,1.7549968430979586,1.7469986730000688,1.7242844224237972,1.7002449407654856,1.701004808283374,1.6713896135974207,1.6793327662387736,1.6630394175207566,1.6500446924318675,1.6502177628981352,1.6691239147453976,1.6447343570584345,1.6295726569888125,1.641421093772435,1.6370653900760532,1.6339089283754888,1.6536360602944848,1.6420230695934688,1.6200732894172956,1.6411605890842604,1.6208528129153668,1.6543374848612666,1.6444949657017944,1.6612738645333573,1.6399704027860122,1.6300249405217755,1.6417726962835484,1.625677510959008,1.6471941329171156,1.6685104204631473,1.6637650736249756,1.6642677402087316,1.6633862524696976,1.6682753349980055,1.6848186697565166,1.6956260799077167,1.7146303573052182,1.6987854559818996,1.7383601592285016,1.721227887262993,1.7452731770568204,1.7301730925801406,1.7586259873565973,1.7716656041948124,1.7720975936658843,1.8107430350481646,1.8133740506903457,1.8201391539288188,1.8331875314507888,1.8540732248116525,1.87830422164573,1.8922665569103534,1.9235529451115132,1.9402535590039656,1.959401720189945,1.9728589430146342,2.0231677932062664,2.045493633432425,2.052672523602229,2.106766563709686,2.130977696512998,2.154247268205069,2.20406369695404,2.2273832353183405,2.2681318117161,2.3030531103552674,2.3350843655933606,2.376842813439304,2.4171384464884262,2.485376609068232,2.5191375875503974,2.5534509806419137,2.636525996073791,2.707504083358439,2.774372301666832,2.8173854054438965,2.891881056670688,2.968049647231852,3.04690581423124,3.1345039662715575,3.2399831997989814,3.328728299596091,3.4588248713144876,3.5709246464285775,3.714699910950545,3.835508091892209,3.9695311743766064,4.150086382330018,4.304611858710136,4.499666915356367,4.706613640770283,4.976885410119586,5.258314495095696,5.534994362962209,5.905789552128942,6.2341570797156844,6.712314647949843,6.966367486392098,7.308943999906172,7.583580016855896,7.822704108607306,8.051118986952483,8.2564958690381,8.444353080917134,8.60380417120931,8.801812320743352,8.93587698707184,9.105466984159555,9.22852723613207,9.378605553412264
0.4,-0.006555622335019238,2.0,9.661799328922275,9.806985775671182,9.933592198035333,10.029658031945928,10.089909747696652,10.20153389776552,10.294854814719429,10.374885342361491,10.427388835141363,10.508141842223761,10.55191956537943,10.622139897298805,10.667710297106188,10.716769702098354,6.420422752564108,6.063138239518653,5.6371920945021525,5.35233651123527,5.045820430721673,4.768100962441815,4.5535422498803095,4.325418140514881,4.196249011147851,3.9741456802624064,3.8479244555248875,3.7061019743152754,3.583433059139893,3.4293433265534587,3.295532662172271,3.213856182963572,3.1106458510011055,3.0448509494227527,2.9407216782381855,2.8894329449274885,2.7895316665555674,2.739611623066637,2.6446642266441542,2.5994088858018234,2.5379660018112613,2.488182227800762,2.439655965923554,2.391072816252531,2.3504505881047515,2.2989949202189446,2.268377977573643,2.2243408709143497,2.1818172642722975,2.142389359691568,2.070763654837858,2.070465999443329,2.046594271110006,2.0130483758153495,1.9718484141738608,1.963229932184757,1.9259617257686426,1.904380472779712,1.898633008849886,1.849754882584144,1.8322808528628627,1.8130998403505527,1.832777324998732,1.8245162928689582,1.7643141129746391,1.7517676664610247,1.7359058553543911,1.735147416302226,1.7183897298731998,1.6868798481741474,1.7116602323818826,1.6806298679302412,1.6443966721028334,1.6639648971495185,1.6425279845946903,1.6477939616125845,1.6538444382946782,1.6252527921875874,1.6317392928375347,1.6167609417581679,1.6113005552869797,1.5987079728424103,1.601659773002718,1.5828777031112453,1.5764454350206205,1.5774131333626389,1.5720177958615131,1.5876521904813419,1.5852213944587124,1.5717402132898213,1.5890537239838425,1.5806026640672985,1.5891095869056617,1.5766408108193395,1.5749856775891735,1.5769392223615935,1.5861093656371432,1.5920675122264227,1.5805647516186894,1.582866395489851,1.5740370718008845,1.590179043257293,1.6208199561238323,1.6026630085587183,1.6126091115022831,1.6206741870040768,1.6121404089460956,1.616008016858557,1.6211357782072655,1.6362146896135106,1.6656272156873329,1.6538891553041526,1.676035802700941,1.6880996973063096,1.6941230146149229,1.6863040368814541,1.7137155826179502,1.7348785408283545,1.7266280641708949,1.7506036090894148,1.7714018590316525,1.7888683239150527,1.8146348793893345,1.8469817311936447,1.8631726208298574,1.8722419080512611,1.9129872156151828,1.9209029902700285,1.9223491551719283,1.9625895204479231,2.001135587017163,1.9978468296445504,2.053491558235132,2.0791231027091923,2.104840978336684,2.131482915279207,2.1867283305114498,2.231273728082683,2.2727141983225527,2.2915991791305568,2.327473785137773,2.4139931585208987,2.4468681511703863,2.4979481157515955,2.570162680403134,2.6316482201573086,2.669569830201932,2.745288715785469,2.7863828413485474,2.8895198325832707,2.9706837683241707,3.0685200727130737,3.140431696835316,3.211709182021042,3.3663747153422277,3.451411763771085,3.610069802467952,3.7102172371812485,3.8803036166195852,4.018582632407354,4.210743759439246,4.414611526436293,4.622363004695096,4.86811108323431,5.091173291065144,5.395216582838508,5.700936345898639,6.100986994813137,6.508292769957973,7.041974928309561,7.675132069388157,8.310445564156012,9.195741887577833,13.756240161721133,13.67744456313178,13.637675411558504,13.528938840108514,13.442708285854698,13.321502055301204,13.195288472583087,13.073650529461919,5.522589384728188,5.5231651140294415,5.525424868470436,12.42379219711846,12.199552713813617,11.978369492232328,11.695049694052551,11.391569501456408,11.056724745971525,10.605148058070787,10.079774529311369,9.150087162818043,8.395844136279292,7.667311859866216,7.1536017891563555,6.607308876825568,6.156445293668351,5.828462426165598,5.4737656279128615,5.220031200505527,4.901342942513488,4.724951663752765,4.481404497134667,4.312835045990029,4.111252235135001,3.9660269907988974,3.8371995687343943,3.6861770232909232,3.56653712135467,3.441009149880362,3.353548259264441,3.1942067644131247,3.152323332874789,3.064799723014196,2.9623219667791756,2.888029144047665,2.834242993973739,2.7555152937355576,2.6869307842277057,2.638538801868476,2.565788626558668,2.5148936065027403,2.440476969450249,2.4110557736875586,2.392230172226847,2.352403896225603,2.3213246739612328,2.2592203311004386,2.2221298216343026,2.174182994671645,2.156542798986864,2.1085617931193106,2.0784495511185,2.0514125494519266,2.0424644358425503,2.002875725865964,1.9821959234826645,1.9729397024861692,1.9356291329618083,1.9177916993930577,1.908545934742611,1.8881299543688799,1.865719396427992,1.824196498481889,1.8122365182224092,1.8126470937221861,1.8107164439011685,1.7988227893101922,1.76417926676721,1.7694021623899239,1.751637836050994,1.749015481525496,1.7171990310699794,1.7290006426432187,1.6908163161182816,1.6837868660237671,1.6763104103064537,1.6773593946569052,1.675495518417949,1.6600275395856503,1.6645079398156912,1.6639846613084825,1.6440999616593033,1.6635008428971632,1.6274060743434997,1.6438966555462404,1.6184882184742322,1.6289759163970565,1.646827351577311,1.6528478439055618,1.613813887089236,1.6180075079742136,1.6389782547583887,1.6395378029062757,1.6512745295573203,1.6208518340641604,1.6373910164168402,1.6451114931314716,1.6585514431125525,1.6445172829275396,1.6279703232789855,1.6679802738247493,1.660816541313311,1.6600180373502644,1.6882972325355272,1.66469467449728,1.685156067443205,1.6951744707249354,1.6902338674733912,1.7242007706095788,1.708660815504318,1.735761009660817,1.735247739438392,1.759932522462245,1.7963593095192787,1.775580989397533,1.7989280401417538,1.8207810064523842,1.8312746221257483,1.860511351947775,1.8770330040796366,1.8932470450768697,1.8925213186686773,1.92845995250285,1.945960603314862,1.9598150645515129,1.9944630169733266,2.000154465382466,2.030747134253236,2.072759187601853,2.101176565145962,2.126753860447118,2.1713222115254367,2.1947281658353823,2.2306380599885873,2.268343992296683,2.307682650019392,2.3379860629193865,2.3862015028882495,2.4145196305420313,2.47070105804859,2.5309586650630127,2.604652668572531,2.6287342417201027,2.6871633188691177,2.755995075151492,2.8279047133676958,2.907367440827953,2.9869220299135315,3.0760780810490163,3.1578880032552465,3.2714462239341078,3.366661690803824,3.479396699599054,3.574691667184915,3.7208679673667695,3.8562678700301896,3.99372494418048,4.1675271235572815,4.333199472023567,4.558725414976027,4.758323047432733,5.015696029529615,5.269795134262286,5.571357249972433,5.900007796451547,6.301461225135955,6.809071947825471,7.154480060911341,7.466262152183879,7.705464657151778,7.962631677547933,8.179508234791525,8.437978687178788,8.58036340497317,8.777748907219054,8.9792849972827,9.102839711049281,9.303139451479666,9.445382379014282,9.543084660268976
0.5,0.002654781409443691,2.0,9.81405819355216,9.981819202658931,10.09059486931309,10.190349759404889,10.277887816401135,10.405030755759757,10.492297265444277,10.539787254414428,10.623461292553813,10.679888515548107,10.74985968428374,10.796955949676132,10.858625101044373,6.947892506702439,6.426694015548223,5.9861889688377135,5.629231367034649,5.281634343648649,5.04316561275886,4.757499163699977,4.567691394428923,4.336766758539948,4.189737852138483,3.9768235484552235,3.818058601109652,3.696836114679873,3.547027783346699,3.4583617210854904,3.3099225064068,3.202459538367942,3.1168891058154116,3.0413524822600726,2.955436205054985,2.8496367970535808,2.7996174190904712,2.7194318146343006,2.651088977166466,2.59659897863089,2.5336933164215063,2.478912075071558,2.4477307489584574,2.3802208427817226,2.3423857190946418,2.3047014820656044,2.2549130029216764,2.2471177797198982,2.1695664855706793,2.1499022148475735,2.0974116088207,2.0837138694244035,2.0367507925426644,2.009444124408577,1.970605659408609,1.9678454877547333,1.9391063672095816,1.9292418680948795,1.9126439312296821,1.8503914786913989,1.8388790055150168,1.802064308570017,1.7941502534372316,1.8117550530396294,1.7845086707764153,1.7613988787292192,1.7345635072373173,1.7453990575417182,1.7259635150214017,1.6965305399932373,1.7205857703439995,1.664559798396945,1.6413664273525321,1.637770402876394,1.6406096578020353,1.6543718366599238,1.636420555419346,1.6139478146002675,1.649467413719598,1.6076125606832667,1.5953370089572143,1.5901314927753007,1.6027180309247522,1.5755513309306353,1.577308209760781,1.5859394637010524,1.5636123119867282,1.5816481628306829,1.5709814389680326,1.5766535132984023,1.5908533556226954,1.5737505912329113,1.5519224031566508,1.583665385133335,1.5868365939511069,1.575197801056356,1.586140312045218,1.5772847058333894,1.571878378806507,1.5901136472900164,1.5803677740388733,1.5631157995448777,1.594723963701527,1.5950852344443103,1.6161772315102256,1.615647644608987,1.6232477598042816,1.6244297764002127,1.6464503343624837,1.6289448424456143,1.6687134877581995,1.6578934908159206,1.680179611545488,1.691109952617236,1.695208966936627,1.694001464569061,1.7209125195036288,1.7570919982351203,1.74728799548569,1.755376638205196,1.7912585113814146,1.7880395376215739,1.8099729510853093,1.8364179546536978,1.839894955596842,1.8985336888044209,1.8937963919154153,1.9006288122516952,1.944096463462094,1.9619583074332774,1.9950855887277987,2.007761499127471,2.0656643774058114,2.0847831397055487,2.1171313550459407,2.137071076221278,2.1834596481271764,2.2185994319395705,2.260607808427502,2.2921686263873924,2.3203202079861405,2.396615657028131,2.449994381302055,2.502640899659896,2.5422726533454534,2.6194355968981666,2.6695472778522067,2.7540912834645055,2.7801483868853616,2.871781004849616,2.974274318514864,3.0594931978802835,3.169051043742115,3.2394437756095136,3.365630778086696,3.446796032173513,3.6039352721678366,3.744277420671187,3.899231947634019,4.044156812777313,4.19999463669568,4.422991278351613,4.6063725396105495,4.876474568168367,5.0838203739228565,5.416561376450793,5.773119658705572,6.122045263311833,6.591837305327326,7.046493130535746,7.644931243306223,8.2997093013424,9.204007816107595,13.551026694824632,13.49168844537929,13.419298886137407,13.358517173973526,13.261812830704258,13.12980093637867,13.006828153370945,12.893351916594616,5.4522805025152765,5.452821791151687,5.4550256295209145,12.214291305757975,12.01455866419372,11.78091973544255,11.530790918866202,11.21407265897747,10.919445836417687,10.509387329678734,10.05156794485519,9.13467791594358,8.279312590770383,7.6865852233483345,7.073530069413524,6.621312665872844,6.154239584681687,5.8126553754208174,5.480663731924197,5.2304955059103495,4.951520622140143,4.673119595799835,4.485602994701898,4.269155864706607,4.127556466653599,3.958351053407738,3.818325221172571,3.692599411245241,3.558689290360058,3.429994253911553,3.3033663793956776,3.214330543195215,3.136408982485129,3.063486501889079,2.947578911085887,2.89305981889415,2.8188032835115937,2.7648908760276445,2.6825097363220753,2.611250410511665,2.574467882618234,2.518094755442322,2.4652424780518785,2.427625689766165,2.3640073479667723,2.3379112125881005,2.2871104305144714,2.2491019432829145,2.213696822022134,2.182248822834896,2.1452734708003027,2.118286552346209,2.0717618340779085,2.060506269695971,2.044976386775693,1.992865492695798,1.9921362311803,1.967324258559675,1.9479121743465093,1.905076596740384,1.9003928838265833,1.874561872229371,1.8708757172432706,1.841143869335785,1.841385507409276,1.799102949742402,1.7986044680455613,1.76857433529086,1.7371508448411006,1.762559017764067,1.7278204154160222,1.7197229076165617,1.739323111834044,1.725013477545166,1.711130046560194,1.7063044866611894,1.666796624509924,1.6742778320422134,1.6859422492428213,1.665331848831569,1.6641995068696083,1.6576217422148989,1.6581822917006905,1.6298263232419332,1.6236703722998667,1.6346342755188064,1.6326966409311017,1.6580103017801475,1.6382922272400668,1.6423370860574054,1.6399538068092596,1.6434931315835246,1.6417247032360203,1.6216004777518183,1.6469424215930737,1.6415373288035027,1.6430745920231007,1.628290652429312,1.6486689267840957,1.621614026768646,1.665874969888611,1.6571373800618252,1.648910590399696,1.6635631115968816,1.6802924686324803,1.6933418098338058,1.6910181506018265,1.7032283761832439,1.688528914930523,1.710008648037957,1.7143944875276154,1.7425955942270728,1.7431231021407565,1.7558275901652924,1.7900369494125745,1.7809069329796858,1.7969550579512308,1.8258634222215302,1.841299660599331,1.8570365028162312,1.8537300256568816,1.8798905123114256,1.8983660757521665,1.9032383017878116,1.933994588793331,1.9667184931536912,2.005449140633726,2.0273462414157417,2.0387088948105676,2.077137521177354,2.0969057145496373,2.107641209154408,2.155165977757123,2.2034489901693366,2.227422177830177,2.278809330249995,2.301582717748879,2.334332767149959,2.3979206284134778,2.430022307636007,2.4772235716373716,2.5480086691360553,2.5940411158612884,2.6373862335530727,2.698804673090679,2.7843451521034717,2.8191956463861296,2.912949497639419,2.9988490857622745,3.073786397784977,3.1475766572506183,3.270429893678909,3.3678114876257585,3.4762278210834636,3.6107618346226404,3.7325857620035148,3.880151555174108,4.011006165814229,4.17333930714759,4.3453655731992535,4.561632245795916,4.747904318878645,5.032694543380184,5.306604272708991,5.591527131259157,5.953032559771175,6.295996174116586,6.788519310394878,7.177244170364999,7.557055455307134,7.8167502527451775,8.096802551673289,8.370722143274191,8.56246001240261,8.773124751974198,8.95614478404639,9.102499550395967,9.275024661796953,9.445113484931108,9.576138473384072,9.723334312728012
0.6,-0.006484251085190337,2.0,10.018913070482878,10.173991203781684,10.268160799944178,10.393113437348752,10.451609192407654,10.598588543952545,10.667148995875756,10.749309191295321,10.824967185188502,10.882218133326342,10.97902958389025,11.009049881476452,11.043390302692115,6.924209055193412,6.400616056471396,5.9806932317288295,5.650848658747946,5.302810868889538,5.049817756980538,4.7663671399145695,4.567339156964897,4.355993607221743,4.183814241674901,3.9666596181218967,3.813135228185517,3.688192587843115,3.552733996389347,3.4425955851794114,3.3225874632760806,3.216628575992007,3.125050566318671,3.0540171132959824,2.934102426786325,2.8504909174032993,2.802231537242336,2.72773077906312,2.666229332779487,2.608819385517656,2.542524691719577,2.4735588156981065,2.425252979484078,2.3751090260073617,2.3287364872971055,2.3101341204082098,2.2466179332323306,2.2119697327786154,2.1791932763327497,2.1264901270214835,2.0886310150908223,2.0854115636771633,2.0478557843106864,2.0251383272852532,1.980224574408027,1.9612281165071543,1.9370580053439637,1.9040963737614243,1.882764887124755,1.865624008894252,1.8419876840863896,1.8246133016340618,1.797358685320897,1.7967506274184384,1.7793871070828653,1.7563593877931862,1.7281671407880903,1.7360125078097288,1.70532668490408,1.7094300745838111,1.7060156910175706,1.6641591451181503,1.6449132567209213,1.6535003777363733,1.6571205698697529,1.6278843236563527,1.6535569480925423,1.6279604919190236,1.6045476073459999,1.6361982529010344,1.5887650072231334,1.5974617910612545,1.601948568808989,1.5654691533498961,1.587735840211854,1.5787753895104586,1.5872307195786446,1.5736057492541813,1.5827329862644506,1.5947865715254288,1.5776949975985881,1.5794925957155994,1.5807301871494162,1.5650771604072802,1.5842610156055688,1.5596434250677977,1.5876611390562028,1.5743142710813598,1.5933034942068474,1.5930659177974753,1.5840903440771579,1.5926777057278005,1.6121322407191396,1.6065714135382883,1.6023599452469761,1.6063479743582365,1.6190429204220471,1.615292321947142,1.6439608763758558,1.6374711016218164,1.6610422185524212,1.661002070984924,1.6776784343223954,1.6692617951653776,1.687480685325413,1.6930596277065542,1.6992421512460887,1.7266652901486133,1.7339384665196658,1.7620974140963543,1.773542792881623,1.797872370033234,1.827225054351168,1.8559893237742193,1.868771415781099,1.8873027571120136,1.8999959964765478,1.9133120733287614,1.9609854873691612,1.9560428790977273,2.0299682364033167,2.0081398341206618,2.0509674824480655,2.0619882997714076,2.1249686362963556,2.1333296890313855,2.1648146417191603,2.228943055052444,2.261941478395375,2.295353433584489,2.369793574721677,2.390124419928014,2.420480819122482,2.506644590889678,2.5697159317672718,2.618414643297671,2.70012459570248,2.740799144210016,2.7956050881198977,2.8719947090902362,2.9814129348838603,3.0850389894704042,3.1513795943684277,3.2468587096618915,3.3415288928333187,3.4858656460296946,3.600630834317989,3.7226646419786205,3.8847847562731572,4.049913821691436,4.218508823461715,4.4174298779998775,4.625588386764506,4.856817682055229,5.100196073275842,5.415215145457898,5.782081921654077,6.114771226600032,6.598131835499367,7.041947806990806,7.678143619546163,8.306090312953701,9.21007426752448,13.387893074746282,13.317667031048018,13.219192615475489,13.140170176463714,13.037500219740968,12.944851400608206,12.853892391594949,12.71074299663411,5.378295621971039,5.378719005628788,5.380782238495759,12.033835325219137,11.84573693423935,11.59879576480603,11.350664205536713,11.051506343854246,10.776680447063567,10.38523758570533,9.952719164688364,9.166700840116489,8.297806424513608,7.6658840465535105,7.058581382064327,6.621527106809727,6.158504318592734,5.818912713488245,5.490701211491304,5.2404691604485905,4.918088282504742,4.6840409208549785,4.488602060779123,4.287509658776523,4.1320828201294955,3.944908322213227,3.828120886799321,3.6676098149975536,3.5516483739194777,3.4381534152431326,3.314148204310483,3.2326102406176442,3.1134648529889066,3.0456259579321543,2.954779295711864,2.9066922199834564,2.8376699075430816,2.750490068734154,2.6829024974765523,2.617806655045301,2.5778257948864227,2.5312872474511976,2.440748287197206,2.4214159655397705,2.3730245744553264,2.36006265622966,2.300008123429001,2.2565739285904467,2.2310775233990903,2.181324066326766,2.1175537968722113,2.1121124436507097,2.1016002233456885,2.0565521735833925,2.0614674614067496,2.00138459387155,1.9956467670314901,1.9740813343335302,1.9346158895706889,1.9148454043944594,1.8841180205128447,1.8770244110587717,1.8706014838239098,1.8467381357154515,1.8084596063372185,1.7856448614601002,1.805553642122583,1.7755346556702118,1.7606639661967536,1.754984343135455,1.7697736944944369,1.7492644281991678,1.730885339373998,1.7219274534650846,1.7102319640870582,1.6991846132829276,1.6776890880247908,1.6788184808061075,1.6617768166266362,1.6585238199257855,1.651649556004532,1.6541106535209626,1.6338737424860759,1.6201620853862737,1.642068686006251,1.6430104847494627,1.643586891863898,1.6275585014104486,1.6335977807560884,1.644978370809267,1.6092919607401013,1.6272943577220902,1.624856504921924,1.6288405108731938,1.6414156586195423,1.6330697416063538,1.640403749538554,1.6449254579324726,1.639635777658453,1.613157354111965,1.6689516738533454,1.6609597843307224,1.6634040706513138,1.6528005857332126,1.6839475280027303,1.6766355662318209,1.691881792714381,1.6958685804232108,1.7107228524435822,1.7224401148621198,1.7175253095972285,1.7648985521747669,1.7294843050923445,1.7731602980119094,1.7609698244106473,1.770594014196637,1.7993196063401824,1.809350284080789,1.8472904306916966,1.847134259543425,1.8643310263214528,1.892487435886001,1.9023624028532455,1.907956915303603,1.9444523999620051,1.958874064219293,1.975341963544902,2.0271454144684093,2.044297637719388,2.0913494814068607,2.0763867304921484,2.1222579504058,2.153827062454574,2.1841618111572543,2.2318642017280963,2.256496028035748,2.29443145697376,2.3478021731264365,2.400226487977181,2.4374683032238056,2.4841102515123397,2.5293081373820545,2.6001818495106566,2.631130382703988,2.6931557826340837,2.7896972319560094,2.83214059658535,2.9209432053050035,3.0016269651317886,3.0921753264076672,3.177315516027767,3.2693080485620754,3.367531560081168,3.4870806811658825,3.6105448481934537,3.7287518070519448,3.869284848893297,3.999606463546135,4.184545863451821,4.328801479607537,4.550476810711692,4.7658772304173835,5.03367774219339,5.303869447062034,5.5834012630435765,5.976566658333338,6.307997228395896,6.788469632487793,7.24957122609456,7.628920135336953,7.903799179486084,8.238227147206974,8.51052131899816,8.68690759836298,8.91931806856019,9.127786049626431,9.2977780450498,9.441853469893744,9.606107748094086,9.752648548979476,9.905111851519377
0.7,0.00499526989594941,2.0,10.221437259597392,10.339776740265405,10.432596395721468,10.581262274355367,10.677991924450954,10.774895675837227,10.881885076534354,10.938162722347794,11.04082667736636,11.089408501944549,11.155996476941631,11.189214544428424,11.246883634869638,6.950479745366139,6.4162021935551286,5.987347074847921,5.627611681606615,5.297264174051127,5.049693195050199,4.769813647094456,4.575030094007412,4.343791777002668,4.182258583148808,3.98233623893577,3.8060330570604344,3.704987924682144,3.556877755756015,3.4373001312767135,3.317941227620315,3.2242325839541164,3.109581416388356,3.0351827987821465,2.943141337993364,2.8697438475489605,2.798454232472669,2.721646119283512,2.6503034276436557,2.5970265770996614,2.5489206699495353,2.4711629373224473,2.449208283849017,2.3737888975931614,2.3528125164157,2.303493550395559,2.25211092563895,2.221351318534374,2.171466446337912,2.1310094535301154,2.0909578862457376,2.0922669529475977,2.043248633566974,1.9998689496897992,1.9689843938271008,1.958098336153914,1.9508947545092978,1.9041266972513344,1.9044847490865988,1.859463686360145,1.8588258719849986,1.8275001287027368,1.8164612385467926,1.7868441175747198,1.7835325931840817,1.7664454354533154,1.750240420327834,1.7337358351934882,1.7338398573619496,1.7152279720616912,1.696607497152616,1.6705925532493036,1.643706700578401,1.6640232027806443,1.653082360858432,1.6379057609020238,1.640637873792095,1.6145256994394528,1.6235114629617233,1.620137459840759,1.609464099382596,1.5819727695347443,1.6017328602662673,1.5592231277259951,1.592427968249916,1.5800499960229777,1.577552747022951,1.5796202399753145,1.5855955475598593,1.5991360592550605,1.559945372373954,1.5940995143022445,1.5837458889615115,1.602329421187855,1.587673126935012,1.5783381611130736,1.5801650654052974,1.5765266687517778,1.562408554659584,1.5704245815225988,1.583929250645221,1.5961237277759788,1.5869337531040675,1.609902088378173,1.609254433458532,1.621567297076091,1.6378275082747638,1.623524739044791,1.6332795729888256,1.6344091056443404,1.6537374156873428,1.661408070802315,1.682162449952871,1.662450150430235,1.6925565256608204,1.6977882617688134,1.7194370448010423,1.7342663691868276,1.7457205884461175,1.775188472113383,1.7772872324781699,1.8031138702894536,1.8092470031984687,1.8195549858930349,1.874678210298837,1.8858510729062297,1.8754194060516534,1.929112164144039,1.9416879221999546,1.961056352591357,2.0113693897309908,2.0078570073376008,2.065095720513222,2.0560275391005067,2.129273251108275,2.1262453505069305,2.1918951990896165,2.219385601350293,2.257938907778844,2.297750650073519,2.334239197552074,2.3938030685985257,2.457975322476234,2.4938999505415484,2.572768251307038,2.612067661858125,2.6813586859907916,2.7354326230207286,2.7701786623809093,2.8803002675375633,2.96018530418402,3.065110071615578,3.156210641018523,3.247128338703661,3.358510776048473,3.463940366577145,3.601730733982695,3.727194120185376,3.877054122491091,4.0458059671243,4.197369129278024,4.42013085185393,4.59800364316135,4.847745106339408,5.0891257759880535,5.4225418621479635,5.697951931145968,6.135155670511689,6.5927785391050415,7.045911578513492,7.654133884975514,8.307978235822947,9.207100164364835,13.185928302740118,13.122706140741988,13.013591886754888,12.96773600922472,12.849096045283474,12.743756236081868,12.651624415504036,12.514548256403154,5.301834727791172,5.302361577753759,5.304505103062248,11.856549657595052,11.679813719490587,11.419139995389504,11.223626344505261,10.908693164609486,10.624719488396789,10.235685834396213,9.806955822268392,9.134472339108411,8.282626896605606,7.6878962441966125,7.0516977155803895,6.607650956471719,6.153842797395228,5.817861374096713,5.471935647630945,5.218691035808954,4.916600033395396,4.670989523741021,4.48218137591594,4.286437771557583,4.11125087500485,3.961362138025169,3.8237236403221444,3.676349995917092,3.557534095180063,3.441315331395957,3.326687645713142,3.2032981687193662,3.1263418719832425,3.044312462440064,2.9352638031164964,2.8988858301743137,2.8153606964628546,2.7724828642815096,2.679186825321626,2.6316631837228788,2.5768211168485076,2.523579994670437,2.4625140635591434,2.413143068071589,2.3845940673089085,2.334955218278442,2.304414853271031,2.2635569051065145,2.2388038441109686,2.188124393778941,2.136772286708586,2.110860939878592,2.0804189012137226,2.077639785508257,2.0488373790334413,1.9929970321548722,1.9796884389566192,1.940654327518521,1.9570525366649447,1.92536050470506,1.901892954375803,1.899495554228898,1.8614110496115552,1.8534461323794955,1.8113528335005977,1.7900723463889971,1.8002462698015522,1.774415209843045,1.7579280800878463,1.7522468022965287,1.746076266786012,1.7468588317636011,1.7237235149106707,1.7127008631760237,1.6855400044282907,1.721830508677781,1.6668919548356718,1.6680731344227735,1.6748378094801528,1.6523314112516383,1.6598341278416244,1.6658551049978576,1.6392742608655897,1.631361006886288,1.6420260112966722,1.6389892220501372,1.6771369082060503,1.65116161951996,1.647787101352609,1.641592114960154,1.6212488103279208,1.6138457938239317,1.648135353855011,1.6384155572063874,1.6339013941073421,1.6295309153478208,1.627130857232047,1.6421043519003513,1.6404800896858758,1.649356037851644,1.6866715287599132,1.6635283988141738,1.6545799817436784,1.6534416667962761,1.6765053296551058,1.6846099259376026,1.6855114720257698,1.708664966354077,1.7049544844412228,1.7224423969881528,1.7229065626129376,1.7517521059869985,1.7461198410811474,1.7566522561139466,1.78447139386403,1.7710698650362604,1.8122444406833527,1.818350285991212,1.8353076531587915,1.8506864854075658,1.8573751742302702,1.9017862892522601,1.8998534273826655,1.9123698766597697,1.9426179854811623,1.959306534476657,2.004819742493764,2.02055658567045,2.0437877863141276,2.0783867275908943,2.1052457013115897,2.125224096804104,2.149495650586375,2.1866054580488727,2.2215789408688256,2.259061784673437,2.305069661273155,2.3297204706293093,2.3992703294780173,2.434360154356185,2.48127268168826,2.553919347260769,2.6125155653559786,2.6283242070368735,2.7147587803590056,2.7780470746215937,2.8503632817080726,2.899085675230658,2.990436056450343,3.068510457232095,3.1582238097570805,3.261299503059312,3.3757304767866656,3.480842212062766,3.585415941645849,3.7335355903933367,3.847322885879857,4.002992017890818,4.188217297732803,4.3396914993073255,4.5778203884699105,4.760512902674018,5.040653491647929,5.330928747799914,5.569807239536831,5.967936952581461,6.3100857545203475,6.788238709652561,7.2647534737502975,7.695212000874597,8.026529771812843,8.36019509181244,8.635656963353618,8.85762959684487,9.085808366115517,9.27037376731847,9.464595238421564,9.636395558305134,9.795416642147803,9.951344005763522,10.105030386551197
0.8,-0.005469697206772636,2.0,10.407346056231633,10.542415840498563,10.672463694792638,10.790524453032642,10.863855769565204,10.963042775297453,11.093604595834353,11.169095430693707,11.224266928932028,11.27043571248343,11.329829092895142,11.394329999122188,7.447896355531927,6.950930854279554,6.420869618292239,5.982262547027852,5.64893245344987,5.293521185830568,5.047026063842721,4.770711979369307,4.567483072106015,4.345249105501203,4.198491818107783,3.9782406008728017,3.8144218986166263,3.6999303219131474,3.5753011432756376,3.4354072011652153,3.326658763825238,3.223137297961969,3.1001337447707207,3.021803429759142,2.9406548822693317,2.858555472644438,2.8034389635301413,2.7370802686985014,2.6576259084623794,2.5977242434431327,2.5407753524414143,2.4899819813693718,2.4178536977939724,2.3743992765514603,2.3443774552423515,2.2997935338715294,2.2481666578947124,2.2116587307530065,2.1749591603656,2.1330469097235887,2.0951527172789364,2.094423881277082,2.044884571269658,2.0185583026422247,1.973924840879879,1.9484157624375769,1.9416580520379978,1.9043516137424485,1.898654874891498,1.8689135261994765,1.8492272891841075,1.8251386449739113,1.8144042684301243,1.7819007934283875,1.795638412910584,1.7632549692653734,1.7273788105958359,1.7358561498560716,1.7185616483832657,1.7142990170959618,1.670709612048171,1.678485289486037,1.6605011656360391,1.6519700487423792,1.6592191127899327,1.6508436548920498,1.6399589189343675,1.6147965681364176,1.6086921979071556,1.606684943234236,1.6179670731340416,1.6160888507469031,1.5948530317526388,1.5753220589344277,1.596149825167041,1.5740311681509034,1.581527194476963,1.5671489562189818,1.5854950890913047,1.5766448459841502,1.5786237612506648,1.5863748903180503,1.5830550808989303,1.5645602509590135,1.5937057938739663,1.5558250334556647,1.593318742604736,1.5735373821992327,1.5597399656839217,1.6078968533962026,1.5853550896179482,1.618757717419728,1.5963420426487527,1.6076041833971202,1.6230548816289498,1.6148504885724773,1.6199963557908044,1.6196614681935395,1.641926421407821,1.6469737726420075,1.6693158584684467,1.6726301345953465,1.682641206959913,1.6772672827898776,1.7013414683449402,1.6954662437380845,1.722790301103912,1.7428330416578675,1.7514623743937838,1.751690447619921,1.7789660489819783,1.795238651093837,1.8116896876539026,1.8326070132370853,1.8497979018087862,1.8692282797140916,1.9136963269905491,1.9133849508275729,1.9447748492908494,1.9671644597042468,1.9964081165041823,2.0171006507493936,2.064137231195715,2.0839928002426173,2.1199477838358463,2.1471081798319624,2.170976234066158,2.204545959128231,2.255074562483302,2.3162779098645765,2.3857203014093686,2.3919231140232995,2.450851558202947,2.4877488866201394,2.5614747240172915,2.604785284644557,2.703969299069291,2.736652822161155,2.819147442567562,2.875635978529833,2.967304503921775,3.054358855989355,3.1522735536269306,3.230674188029059,3.3558302163152005,3.4565814332558378,3.5963458436411027,3.750728019676657,3.880101777120885,4.04257852505768,4.1988715403747285,4.402471535328419,4.602632483454375,4.8663449979861095,5.097567954037475,5.423825388518498,5.784813222609191,6.121102225567295,6.586113771971012,7.041540173518067,7.683204448692034,8.301909395241179,13.033838369919238,12.969892421750497,12.903109307695226,12.822693136466482,12.765477759313079,12.659644259337634,12.543244584059472,12.421712076837832,12.314890360054568,5.224331810350263,5.2245430384658595,5.226346941376518,11.660788613603259,11.495200573186118,11.257357795503276,11.027176102746473,10.77093973136045,10.473168134877971,10.104104546983528,9.739604540665658,9.133668663650099,8.274711049758817,7.681073887165128,7.078808028599868,6.620408465156904,6.165732929712572,5.818236517919773,5.481913828333082,5.221438579107064,4.9269082582293,4.685886380118762,4.48114059774131,4.284033061055514,4.11515717364009,3.9423703117931814,3.821084199080201,3.684746533615713,3.567991474662538,3.438747606655338,3.307910777133747,3.222512596566812,3.110488093264345,3.039445066288376,2.9705211616930995,2.903525874859999,2.8320848755529413,2.771887523114068,2.6764362793796908,2.6238811772884114,2.5697008477255614,2.537482613561146,2.459782638066794,2.412715223233171,2.3639687006698336,2.3339811850371652,2.302270149991753,2.258604765094938,2.226914893401721,2.1656710312353087,2.1448575265982925,2.113373224098212,2.0760403129863985,2.0710625851319144,2.0474853077480932,2.0092599499523978,1.9766632143812572,1.961343336870502,1.9328096863522843,1.9169025690612103,1.9068913947972386,1.865071813429931,1.8849517588166844,1.8426289966306655,1.8248052353277397,1.8103404221913002,1.8102581396674127,1.7814296956421867,1.7694459382266468,1.7741954569440714,1.7490354727668151,1.7644260221387693,1.715625222409852,1.7025510030314037,1.6886585540560974,1.6949882591085808,1.6748904397622513,1.6860765813940521,1.6757783900173562,1.6652232777976157,1.6583152700412296,1.65942605309757,1.6310486856903454,1.6433346693839777,1.6335158083883545,1.637014543437896,1.642041370043041,1.6434750813869186,1.6291805809525604,1.6276278006456446,1.6119388623100115,1.6236503817451715,1.6185716330388622,1.637438176871895,1.6400323896919522,1.633921213330241,1.6366264623505802,1.6428380940896288,1.6473759229267373,1.6331640628179493,1.6477193789581646,1.6642846067600192,1.6696475061263496,1.6485157373897161,1.6878657343061196,1.688634880924426,1.6846856842841027,1.6861205842716682,1.6933961248957237,1.7058841721526243,1.7222496530819724,1.7463496850486784,1.7510160074427377,1.7594228526886702,1.7644912910497477,1.7926776906284105,1.8148119707578023,1.8381009285234862,1.8461050342608856,1.8392512555520797,1.8568510258051396,1.8788392936405036,1.9026910914128092,1.9177658861775997,1.9452517737836525,1.9497827999825736,1.9807882371212604,2.0106433867403037,2.0227514391684953,2.0580740255458903,2.1057626284181103,2.1154212285054332,2.1430729213270747,2.1986975098660113,2.212921840705091,2.25546690957589,2.2960581426230413,2.341028791307101,2.404143891574575,2.447573546434663,2.487887035703946,2.520515460688894,2.5823687976545084,2.6549642587528557,2.689856629711149,2.789842835623581,2.8347557152371787,2.9157769413499683,2.9916103334098922,3.094943520450882,3.1736470297398975,3.2544972644412016,3.350909819565318,3.4846475724195667,3.5989676223038463,3.721825104389806,3.8530818238837035,4.021080430829447,4.1641643449924155,4.3560825718489795,4.5440686351289505,4.772944070441262,5.006758688636534,5.318967151705113,5.585640093710093,5.947046001708148,6.3081060310786174,6.790390690184391,7.265660013532207,7.815351938674746,8.222487464541228,8.518084414596323,8.77093269458811,9.012170024292486,9.259169606735439,9.44318058557358,9.629565537800724,9.800702670203938,10.005548047593285,10.145970327647603,10.28598960672656
0.9,0.006461766816917149,2.0,10.596594250367321,10.72506567711865,10.865426706354112,10.949074905486128,11.044632276659938,11.169354224797154,11.273977903083603,11.348596650745232,11.45244066028981,11.501122414130093,11.53508029079585,11.62454565724146,7.442680842764739,6.944513147808238,6.419902090733327,5.984914582851845,5.628258463599015,5.300078604370679,5.04904027954294,4.774677280114266,4.548841896059784,4.335465420234561,4.181148067598754,3.9830901438116455,3.82885904679979,3.688244624275418,3.5453063279347194,3.452159577919219,3.319180726741251,3.2359827540833956,3.1176033594149555,3.0283490385861684,2.93599801659551,2.861499931055568,2.804575834877729,2.704431340256549,2.667817321764157,2.602108097402466,2.5339070147052976,2.4684625294287965,2.4559096209559677,2.384975259343965,2.3324716837254122,2.3101097772557058,2.243659472384114,2.2272888796082864,2.1899449319575925,2.130784294761203,2.1133442779454064,2.0773590172658687,2.0481478690636634,2.015504743414458,1.9965634660151104,1.9674501243496763,1.9284804880240585,1.9095809363720742,1.8981823481412794,1.854349709967096,1.8371623790204517,1.8225507608268976,1.794391756208531,1.7884803613381148,1.7904009316754381,1.751942449241525,1.7309364777081075,1.7443988666395442,1.7108954042063864,1.7029104319316815,1.707416929691708,1.6674079601294345,1.6774125885561253,1.6781149833742033,1.6504059437992262,1.65225757975767,1.6390897608014485,1.6226896617377973,1.6261054879108092,1.63532034413452,1.6026912055071805,1.5942718042120916,1.5951565220311696,1.5832191985279815,1.5736272785456227,1.5772917560436042,1.5838674431027744,1.59844430867979,1.5863389066083442,1.549422434955504,1.5876777848071388,1.596421989082252,1.581356995762644,1.5892320801912723,1.5833426817574967,1.5738689814459073,1.5806163354330984,1.583924009684251,1.589405213195884,1.5876273266190168,1.5878136600586994,1.5970307868820826,1.6014338593190323,1.596983850058637,1.6109442984218956,1.6201216754824568,1.6269186211612472,1.6219975638735962,1.6390013255152291,1.6365016311031086,1.6678019609683779,1.6674109677946058,1.6870072741526356,1.6779792671570937,1.7010104766854834,1.696361895417019,1.7200355975592294,1.7509440264380152,1.7330784383082167,1.7440648150579598,1.7979811348025958,1.802650484220806,1.8273054578886552,1.8422152928702464,1.8681771462091297,1.8763147106158047,1.9101536551961193,1.9258273287151118,1.9617267628393156,1.955460779816293,2.019813742741099,2.0176932321267236,2.0431181016170896,2.075505419820747,2.128724618393744,2.127083664393501,2.1775760279454706,2.2082016391486508,2.2708873859910423,2.3036766498432235,2.3313025026781737,2.3901914728943923,2.4265682523922703,2.5027053411041553,2.5397169334314937,2.6088442155380434,2.6903817752474106,2.7359394981260454,2.7931899043964297,2.876743682277947,2.978624952778375,3.064626761831114,3.178892306329408,3.248170809606474,3.3607980726203865,3.4607023393004774,3.595628550162856,3.7387381321854023,3.896504091507514,4.050244192483809,4.19136276789227,4.415168713590225,4.599368493510541,4.860401592435029,5.098980893798059,5.425711541371803,5.716456963659628,6.122347411847495,6.570962567991096,7.046035358272744,7.679067270182581,8.30561809097089,12.832875856003524,12.771740867185251,12.69445424902911,12.657762947761345,12.554396452007097,12.45423767831021,12.350175172801965,12.227680857927725,12.127036591501547,5.145615496558899,5.145925328084354,5.1478039507687905,11.508189288085584,11.284801397972057,11.077756584059067,10.86367353983377,10.600743293598859,10.329627511242089,10.001293338575609,9.629540993085977,9.114345997442042,8.28756626527301,7.702151778170078,7.057655062356187,6.620519836571115,6.164355719812576,5.823352311602418,5.474034963593485,5.218999421083391,4.901033787004055,4.691034242076068,4.466698351572363,4.261684196559994,4.1219872457008,3.959849175940878,3.816629189877713,3.681638536055085,3.5641889300716105,3.4516142825175895,3.2999352958626424,3.216174596173055,3.117447125657235,3.049468251559881,2.9807982665985824,2.8875949193388064,2.8287956793317397,2.7617294774657726,2.6794966935972093,2.625518884785144,2.5732934135975585,2.524455430944646,2.44855925407655,2.406242491172539,2.388575743402732,2.3425945235594816,2.298832726985581,2.2542936187291986,2.2298308698903964,2.178293509555062,2.122460659034242,2.113131471803214,2.0770468974881697,2.0389531039181743,2.0488780060690397,2.0025835812718222,1.9809716661962937,1.960953084313024,1.9521201421933512,1.9156995454833325,1.9126383444339865,1.873378488053423,1.8653286952435617,1.8470359097748226,1.8333189606518652,1.8125468322833862,1.8096481205059756,1.7817252467233928,1.7601290483599337,1.7651696551639828,1.748847261105915,1.7607467116437816,1.7245859810846074,1.7328912253227406,1.709037761131023,1.698883983502204,1.6822710154389156,1.6696856237366264,1.676477978036048,1.6619444170454343,1.6520158731049914,1.649122843072938,1.6501348588154285,1.6400285601603644,1.64048063162792,1.6387372802680396,1.6696841162027292,1.624807382784253,1.6099803785295543,1.6496417916897759,1.587461640725471,1.6161669758402337,1.625880054444074,1.6465995004519594,1.6291357718391886,1.6283204603683041,1.6455992954285927,1.6400300869518825,1.65525524618998,1.6400094090393966,1.6277157227786192,1.6718106215693511,1.6562592764228479,1.6618530528493052,1.6830038327555188,1.6805869689460138,1.6900571189816112,1.6920730199958889,1.6713532559379896,1.7210973858738379,1.7219469357139883,1.750706019271391,1.7557972070653092,1.7567596074950862,1.7776053063109305,1.7682264983667901,1.8134409836790477,1.8327939716169963,1.8339834586691661,1.854111935218958,1.8748631781062206,1.8731072797809378,1.8977299333539124,1.925909936753463,1.9373319922700187,1.9538416139138688,1.9900109072063918,2.0105111605106676,2.0464186565295215,2.0730559236818062,2.1051877606281084,2.1029585646558857,2.1622302697758435,2.1958465097065707,2.224319753361667,2.2514311480290066,2.3129402151248533,2.33919557944619,2.385068150764284,2.4438003444590644,2.4815039073967204,2.529252626426396,2.60174414803161,2.650262862604447,2.712660889464724,2.7932954307230515,2.8541579116425853,2.922631404512517,2.9862972547426345,3.06695536977556,3.1606018463678316,3.245915786199042,3.358923173657819,3.486821009847306,3.6061055450824435,3.722970422473013,3.8650567876536166,3.9967675174519117,4.181569644113296,4.342581716780532,4.571175759790338,4.748648818929311,5.007052660141541,5.304186738505144,5.581472998311756,5.967048829246082,6.3070117688226945,6.771313986997932,7.2637182521420876,7.873950204529958,8.232642678172258,8.612408117612667,8.898875528713546,9.16135693809907,9.391202076634618,9.594349458038387,9.806084668762521,9.964541023928675,10.17912833414254,10.338524152268597,10.4801932599036
1.0,-0.00815561824893755,2.0,10.819332375130188,10.950299428129757,11.06310821478161,11.199645027928426,11.298312615786713,11.37468347125393,11.509054930050638,11.573146091591202,11.635532079374258,11.66772743348421,11.764085012044537,11.7922014558105,7.464377612240295,6.946955104506444,6.443792135503471,5.984623604039044,5.631329126505275,5.312667940547992,5.0348363580153475,4.756153009074044,4.576922252223587,4.346980230909541,4.147833487417933,3.9794598748123517,3.8220060234933544,3.695742333772747,3.5534653687636193,3.4458089133207057,3.333911802730631,3.2180754128098923,3.1257909221218663,3.0232978336701355,2.9380459163453723,2.8566730968642595,2.7864017962537435,2.73750254351982,2.6647339013786766,2.601393063672623,2.5422994369675944,2.4869255988141434,2.4262876239529847,2.3951596707315748,2.3312770156720912,2.282562779811262,2.270803524279817,2.2107339066714187,2.185365794283935,2.1381402136044336,2.09831004958472,2.0923901746762166,2.049960253625125,2.0155016950481888,1.9842839940637256,1.9507101528752273,1.9278210732437908,1.9299957659567941,1.9049613607365048,1.8564530197889935,1.8386454379619257,1.834232986078668,1.8010899272965977,1.7793692228886395,1.7803359781935961,1.7371172795855985,1.7505592498232019,1.7392784731384519,1.7330245072472024,1.7021017213587695,1.7136672085946532,1.671922722930241,1.664708837319164,1.6593799356871326,1.6904306044998234,1.6424470851803965,1.6472539487269902,1.6227108592776858,1.6177463917304635,1.6261893202109734,1.5943082635975592,1.5921967413650644,1.6033087978833904,1.5976529810312723,1.5671929647316067,1.5683971303391928,1.5712907278309962,1.5763909354952408,1.5626636764337327,1.573312752017607,1.5777106042200881,1.5763602297741381,1.5802378111011242,1.5641491959003953,1.5809469549598614,1.558209395833793,1.5851264258247009,1.591136340442828,1.5681699434427683,1.5885940494236823,1.5807498022635142,1.5867342869470515,1.603633858933963,1.6017908309505653,1.587895176355418,1.6361319295481194,1.6292200382681075,1.6142141584889511,1.6542815704899794,1.6417807959017814,1.654497246325024,1.6561201758537512,1.6808837316124596,1.6813767829675847,1.710630449609624,1.6817724568942924,1.7153866361025556,1.753383358687329,1.7505635269630488,1.7659776291966296,1.7848897695311747,1.8122470415507512,1.805086419850252,1.8190537032035128,1.8484303488294902,1.8626758046256469,1.9149580551233178,1.9330619573811056,1.9441699206779957,1.985720238940497,2.012655764934012,2.024959809731543,2.0598638868930963,2.0710605829272195,2.1116546861592216,2.1212254084565063,2.181477459520641,2.2186866408774755,2.2649890852999195,2.3055080924861606,2.356020855537591,2.40641411281808,2.447292126003823,2.492721772411378,2.5567009702885115,2.6387539772682844,2.6778805443250486,2.724540243263551,2.7992081258191597,2.898465780351292,2.964579888452223,3.056600593615293,3.1542656387882158,3.2568649160380234,3.365922693555161,3.4584920705691453,3.6012466618158676,3.7353646499434374,3.8972229444111988,4.032129685989186,4.197884213489816,4.418567933143846,4.579810245990289,4.863192850285512,5.105686311007661,5.418049739157875,5.779316785103934,6.122476425980146,6.567898683530829,7.034207481217786,7.673094304273656,8.309688965223133,12.625538003536692,12.567696326345693,12.488400641624764,12.433341562124951,12.336559162800494,12.250261302454257,12.142347943610629,12.03284261595588,5.068556472869549,5.066836179482058,5.066660462628218,5.06802905446679,11.288448173919637,11.107034186452559,10.893205309145007,10.676817771613626,10.445366561208479,10.16783638120004,9.84336905522399,9.500729204518404,9.037792914924374,8.278290522009446,7.647416377350276,7.089360717132972,6.610288900268262,6.155245810385424,5.818945083037504,5.496129247519772,5.2017841072191615,4.916886576150534,4.684678577543877,4.476864477934275,4.283318772416516,4.129843186343491,3.933157282531406,3.8007890995851015,3.6863510843829754,3.5542290272125685,3.4367167634537226,3.307242663321763,3.2200891772693225,3.138621166410425,3.0442440772216286,2.964046640119618,2.89245388643186,2.809039455137207,2.75767618484195,2.6751415866531816,2.627835103543775,2.5641931581140818,2.526576331654602,2.466187568629363,2.4146142312939682,2.3686552719739,2.3165879154864797,2.283721879181089,2.2588444865728663,2.2167694048035633,2.1791343305704656,2.136177222560891,2.1208633805172683,2.0803244386963713,2.044904618618864,2.0602619916240994,1.9977144580811503,1.9952635126004326,1.960102260472075,1.9365317290427222,1.919307677129957,1.9037791946042013,1.8775109649660422,1.8760662512714887,1.8442270184399516,1.8180892706165814,1.795401972675006,1.8193420484698466,1.7761860954075086,1.7686523593517387,1.7821921415662694,1.7483811095510262,1.7549066360104089,1.7156208003536368,1.7056077364368694,1.692820471021237,1.7066839063498287,1.6640601466729976,1.6725036334355678,1.685294248648146,1.668477680838344,1.6508563632192865,1.6586469997280469,1.641113978068663,1.6581976152232225,1.655025939299337,1.6156335629717833,1.6453150865628947,1.6297542417676831,1.6526103772958682,1.617880194402595,1.6267550927299341,1.6157131438905907,1.6121423739017087,1.642813777273735,1.619747683657328,1.6559066072649489,1.6310614675792554,1.6540282886069884,1.643296246342901,1.622817862912962,1.6210785696303203,1.6711739753981916,1.6407746912759986,1.6427994614866908,1.6749888695158597,1.6830847028837628,1.6772751991593438,1.7070001227205682,1.6842454511022733,1.7194489169134446,1.7211203995979079,1.7472687686717436,1.7241477627388073,1.7344938367345113,1.7646422737563978,1.7756681697549659,1.7900744106494073,1.8144467451307844,1.8363438822607459,1.8541711536854673,1.8580668101221727,1.8841112292879318,1.8793719943429654,1.9213548468811037,1.9322008893434979,1.9618670582002313,1.9732703025078921,2.014354913106626,2.034989001764443,2.0606915693377865,2.0880882870590622,2.124297239749185,2.171715500278596,2.2085070835487266,2.210850518661195,2.257234983437242,2.304094898722858,2.3320196557913917,2.398922545928318,2.419331836954124,2.5031608611815703,2.5466386193632062,2.596606867174318,2.6438484627315653,2.7096349145469794,2.775835862897736,2.8478683899539523,2.9099302364530555,2.973131263757198,3.0762423435609247,3.149612367793984,3.2552330853873612,3.3549320191972467,3.4821226395495946,3.6104233942464106,3.7304197281891205,3.839500494456087,3.99654568009801,4.1812172321194,4.344370162472119,4.552132657508811,4.793051095400267,5.028273502491696,5.309503454733485,5.590757285147311,5.9625307899822335,6.304287487264409,6.771855146317483,7.2409407268102886,7.903526549546244,8.382428514356944,8.74327103824717,9.043214345581019,9.31349945541139,9.59164366737657,9.762693135645735,9.981745999367563,10.198562155119632,10.360152435384693,10.53721245562749,10.683779567769863
1.1,0.004930317126170499,2.0,11.003269477310242,11.176837129388202,11.252110293024977,11.384457613701697,11.480691976969474,11.58975281397901,11.695499481944518,11.756438125769765,11.84469326541191,11.898317765078756,11.955889392417378,11.99905164797498,7.556164174239644,6.940027949705259,6.412472505325128,6.054676749811128,5.632014269860838,5.379007087063541,5.031121544614101,4.808687581148895,4.565964128206333,4.358687851266167,4.197838981891667,3.9752437939548386,3.8367389644784273,3.6816946846298446,3.5760684961024523,3.4395098886548627,3.342330188296429,3.2301822981799275,3.1366000143791153,3.040355833591978,2.9310283661244823,2.884890632391361,2.8022971529258016,2.733130983407893,2.664954991526546,2.5944903430696376,2.545568547665938,2.489831521301626,2.4250683856981556,2.373630634420002,2.3441557424007957,2.296974187207266,2.2472762432819984,2.2182387666508223,2.176053871753971,2.1476991967206294,2.1025699601652206,2.084987884866378,2.0453529629425904,2.0242845989855005,1.9742467888130555,1.9553960966964534,1.940055735341636,1.9372700933389613,1.8910841749996372,1.8496490298208437,1.8450248239133458,1.817642122484185,1.8285456534860915,1.787572109566894,1.7924859426270707,1.7672821724573649,1.7455020516052604,1.7425839824610443,1.7108735925828222,1.6960409056899253,1.6987905793656253,1.670717276592156,1.664860799180688,1.6583643764481009,1.6510147924262488,1.633751436350831,1.6419203184870852,1.6139329138350496,1.6221141595575919,1.6068099111793663,1.6077670461834725,1.5908979613922192,1.6028138373239011,1.5817744972080132,1.6006162929909769,1.5791639492820118,1.582489429103505,1.5755563487966422,1.5849970740110901,1.570674901915315,1.566378839602234,1.5554578340950347,1.5951846705550488,1.576855733703835,1.5751257425662315,1.5866296811202258,1.5865258179518085,1.5766937646929262,1.5875707127413332,1.5607437867172416,1.583133082597404,1.6133066387426882,1.6133101508694132,1.59827112668154,1.5983325902913161,1.6231615800823387,1.6146223121078318,1.611915750365743,1.6184915450885462,1.6356676997417439,1.6613109299813695,1.6514339578668222,1.677918677292164,1.683636937961576,1.7004198758820774,1.717408100517189,1.7417802074542208,1.716074475606726,1.739691767632905,1.7495973634761046,1.7778848370794937,1.8067104917892594,1.8327027140973782,1.8263220830825488,1.8587076888098957,1.8775564539786853,1.9146460619886791,1.9173319126149067,1.9304433776386678,1.9443118976586975,2.004204261839454,2.010934916383108,2.024082593335267,2.0654159947730366,2.1213679020028526,2.1386118447034397,2.1778807237683586,2.209386763456476,2.259804096073756,2.298669197153515,2.3587010710272276,2.404741460890572,2.44104275039697,2.507545136101482,2.5740705380649485,2.613093856844994,2.699374344251554,2.737880605873868,2.798963980794739,2.8925594894468762,2.9657387675150098,3.0577590738289606,3.1409463301947476,3.2258738361708286,3.3391234555099127,3.46135154504799,3.5722765333856796,3.732779446467217,3.897508423190896,4.048260575551939,4.204433676297686,4.370200905994769,4.607909783528103,4.805388695360721,5.112019019039225,5.425299624733567,5.69866361341621,6.111157849408286,6.506238241190978,7.025846693587955,7.567809875338606,8.296576221165152,12.416010460948408,12.360624596774272,12.306201178192945,12.22672913151714,12.145666606285092,12.066438460652572,11.963638247688591,11.86532311714856,11.713408183294952,4.9879038930163295,4.987020482295227,4.987656974065726,11.13940421613595,10.917519719154681,10.76779770029708,10.505229211367457,10.29687006196143,10.005581467398729,9.731908852306061,9.38399732199784,8.925554668580014,8.388341812122166,7.681470209519832,7.1627294612148535,6.602947991719096,6.245146415893772,5.842147050884477,5.51271265219506,5.229041851874962,4.911908920876658,4.7324240835834575,4.478407815825099,4.303292293583502,4.119258016701192,3.9750339304834226,3.815447524445909,3.7068487730688124,3.529707072748576,3.4310789085799227,3.3282458689131698,3.2305935454630967,3.1235139467295596,3.042515364599983,2.964757147019476,2.8827151151631223,2.824383756160361,2.74816876096078,2.69229937635781,2.6350773691993425,2.5892768279595386,2.5158170231948844,2.4598657128373227,2.4219556856248654,2.3681322545683106,2.337701168616069,2.316636696693465,2.2654216995906933,2.2270931198169754,2.193787477201808,2.1687555387633477,2.1140354298691264,2.094484178286076,2.0543563659680095,2.0460325830670274,1.9975971545437865,1.9722421885499843,1.9606839771167837,1.9291616031728436,1.921088730362118,1.9060786720453977,1.8761983433149299,1.8741660314520938,1.850855160847639,1.8329770432446295,1.7901438327228407,1.8033582104289794,1.7712216090055386,1.7786098930764103,1.7492400463951865,1.7476379624224956,1.7488703369757732,1.7039532858958817,1.712249251686195,1.710167297198867,1.709447450021421,1.686861371468714,1.6757232126035688,1.68683823444736,1.6635565430397494,1.6457610275075216,1.6592478748559594,1.6429597928148438,1.6507754620181068,1.6238867125758865,1.6376202955253367,1.6320089567656235,1.649709946933321,1.6581423919733413,1.6311316690263866,1.604973254604404,1.6254637588412135,1.6126862996800553,1.625911520413406,1.6379729058203019,1.6575487671788438,1.6433866307020593,1.623602923379974,1.6323662228041707,1.6191263793357047,1.663271344007381,1.653558729206759,1.652064107043802,1.6688771798449222,1.6710754820272182,1.6919095009582183,1.6686826706567386,1.69456102149266,1.6999283121675395,1.719997594201841,1.7097928709038637,1.7338526818856035,1.7418005470924816,1.7500188767311342,1.7641944845895552,1.7845858689423262,1.7999876816298979,1.8225409526558742,1.813411647518804,1.8636618512135814,1.8500442611168288,1.88348650220735,1.908777676429326,1.9172471774318314,1.9272199589639118,1.9618263245074703,1.997660331513119,2.0349829120744056,2.044835405774071,2.053005575990902,2.0921515621885898,2.116520932505801,2.174703240532037,2.171726281878641,2.214733911812835,2.25911429422166,2.311385994424153,2.338734465016489,2.378079464242137,2.4331048013324565,2.4774101004094518,2.5385014473122696,2.5910857906615434,2.6479289831254587,2.698559140327393,2.7786718052540818,2.822472546462628,2.8761831617761415,3.015340849750767,3.072167130673112,3.178148591688872,3.2445808213723364,3.3480115743659655,3.4663654750148254,3.581692492667559,3.727319613930866,3.8160385449404233,4.00333594165209,4.162264237009416,4.340392819204044,4.521159131948201,4.735353492758215,5.0188456616562265,5.255016582936167,5.568732058780529,5.895127893041329,6.293030891429143,6.684483746819139,7.260013467805919,7.784624280966625,8.442790756261868,8.86511498066783,9.138931137770486,9.468700003919897,9.70482445840537,9.937065167411214,10.150225646414338,10.376024569655193,10.532205508915789,10.704853955752386,10.88508560441093
1.2,-0.0006227094137187176,2.0,11.158816851819298,11.331651094438104,11.441456849079186,11.60227968340121,11.700956852652448,11.785138939724334,11.883375212870147,11.937030209381568,12.050994325918552,12.114713256565237,12.16583169990263,8.157248895976132,7.555502245832944,6.944358936401873,6.508842607253728,6.037723004535754,5.702970952034587,5.357958793202771,5.039425841134498,4.837034612640494,4.556844352458875,4.396082017897951,4.1764307727907495,4.02270020692351,3.8235124163445016,3.707820494138141,3.5725646547946557,3.441140750150512,3.33227559518593,3.217597307032274,3.147989631319835,3.061260294538795,2.9686103458131248,2.8751847578435346,2.810602137982961,2.7444998196533197,2.6442741023098444,2.6001720020298213,2.5492398238898524,2.49732966308392,2.4230920327210828,2.3909300228436394,2.3418718254484405,2.2933154889610803,2.2582635705615024,2.209874726523481,2.1689273579789514,2.144731783400314,2.1269228926923947,2.0600810761485633,2.0261789630581357,2.0186322750636267,2.0153470517663923,1.9679168469400505,1.932004467848499,1.918548817255831,1.9110392217888195,1.8781420843148633,1.8363698777523958,1.8415989242369994,1.8137662271971702,1.7939876940795434,1.7719218127948098,1.7721293713804858,1.7235658562874732,1.7371292187706462,1.7169874147169057,1.714832467873113,1.695934250866556,1.6734635196295828,1.6712066901199976,1.6535476223030212,1.6467127819929872,1.663551382135692,1.6532672605747416,1.6192855208278032,1.6142878659335989,1.6179326002999772,1.6061416797215526,1.591450130599041,1.5869117936736001,1.5769003106223227,1.5728399499302534,1.5745268128540701,1.595120030948346,1.5818599544099399,1.5857213035650055,1.600271684328802,1.5771717224673958,1.5908466667927226,1.5718825379229988,1.572271996667629,1.574397966589721,1.5661361162237606,1.5666979795751783,1.5760543255199293,1.5815072084972297,1.575657067669749,1.5634365401715136,1.6023873287429231,1.6136177136890526,1.5855529509109096,1.5932451649860773,1.62576532069232,1.6228662840112662,1.6175179631817789,1.6357808539014242,1.6337879992719708,1.6654444958280894,1.6556640120416197,1.6695774662781018,1.6781203118777257,1.7017839340534384,1.6813992567146774,1.7174785839454283,1.7422675131972418,1.7432480159749106,1.7463655208620532,1.7900054252544575,1.7970647214562157,1.8215597734263058,1.8564247903305264,1.8360764224445836,1.8725032246219082,1.8937673807715973,1.914784361357196,1.941955215096608,1.9655691328734881,2.0013053456954046,2.017778494458242,2.039885092388123,2.070207649551673,2.1245732608167827,2.128690908605446,2.1702377428777235,2.217537287301896,2.2444744120760487,2.294987692886518,2.338423857148179,2.388736115789285,2.4416448253323058,2.4952563562588828,2.566919128114604,2.597649724531863,2.675955426029147,2.7413863907937666,2.804171574771281,2.894269440412663,2.950222524893947,3.031714680608601,3.135553602462407,3.2494799140377277,3.3323781987080046,3.4672367487621925,3.591091695543055,3.7167669282427847,3.8487145809429375,4.006168219491489,4.180968222333696,4.378263458580449,4.601305855717487,4.828974627387354,5.110357401971095,5.366842252565289,5.689908126534728,6.052976280139087,6.496133313997127,6.935906339215651,7.557745856757387,8.302514504407283,12.234395951966555,12.169130299734254,12.104498919710373,12.033128411885437,11.957900958445533,11.862783487951415,11.744264739268116,11.623593128517701,11.511795236765261,4.908901174614004,4.907241899340733,4.907078544719846,10.927613673211562,10.76006559391758,10.57659560419521,10.377728702142727,10.129638101077933,9.845114599612625,9.599401080246427,9.291620259225468,8.952787756325758,8.407265916903683,7.786203853530935,7.153102169429276,6.704534426215682,6.252759308255105,5.821434351034072,5.517204261105148,5.2168478130993785,4.994103533178049,4.731540072301359,4.519344803660469,4.327600955825223,4.158215718631143,3.975589944895583,3.817285083484043,3.6770723503945884,3.5753342491077427,3.4634707447467297,3.3387867444333827,3.258262038350667,3.123418862057087,3.0650131863498595,2.981289088823315,2.9007340863942397,2.813207120860314,2.772375304621819,2.71014106716498,2.656733873892678,2.5898497438004315,2.518753537949419,2.464005674995599,2.4074428395393412,2.383485976055408,2.3305824690051016,2.291554578587981,2.2534855138097734,2.22071328927389,2.2051968626658853,2.1626198442083053,2.123175881846019,2.109382761568487,2.050782926224341,2.0362835119135867,1.9988310683093464,1.986545470158866,1.9828005157743318,1.9480674869499353,1.9145707310299804,1.9094864212482805,1.8931588059082944,1.8603395729500996,1.8433973676953195,1.8514993418579966,1.8313081254422934,1.8007684734172746,1.7833511574141168,1.769176560831334,1.760172262160649,1.7315902892955202,1.7323139345336844,1.7252989965359948,1.726183601362815,1.682133510289708,1.6888269650690582,1.6776248423367852,1.6782526067619603,1.6688894325433417,1.652491365640425,1.6678095789332619,1.6682703347961183,1.636124288926356,1.6285436101663275,1.6446950264669256,1.6501873527046231,1.6409321336562845,1.6220280073426887,1.6287364104695414,1.6371973868811014,1.6392301663845914,1.6063054802163195,1.607945187091504,1.6254455628017308,1.650272138685739,1.6546360581520165,1.6343757690649472,1.6405736709487013,1.629564353409879,1.6478571428845492,1.658287840525285,1.661078722743237,1.658718714706138,1.666284230236257,1.661316399335759,1.6815517022402184,1.6686237770619934,1.7101004148184837,1.7027471812049946,1.7157804348099743,1.7055186658930364,1.7441519676776662,1.7434479193340027,1.760297291190524,1.760982332038549,1.7837917178890168,1.8012610494518875,1.819715247380537,1.8384019568924492,1.850102832234232,1.8775390059350145,1.8688005056202908,1.89881087691742,1.9189435765135325,1.9296589254484655,1.9608858401200915,1.9822018377707333,2.0251669603163003,2.05982042391128,2.063400741223252,2.0987259567981655,2.0879819300452773,2.179386530923222,2.1711882386623347,2.2226126076031556,2.243447408400357,2.299597730456857,2.34063670329163,2.3814154552808398,2.4111475495886285,2.474768180207468,2.546864138161225,2.5914271933403143,2.638258708804589,2.697179239591408,2.7451586610630994,2.832795971152213,2.888530129364502,3.002778496162393,3.060375816911463,3.1560393162706135,3.246512732262901,3.3597034177903358,3.4567334990184557,3.5841582888417634,3.694217228548994,3.8424342708915904,3.9945247571434725,4.158599170496132,4.343521129710605,4.511142836169831,4.745491651303617,4.991831195939444,5.259269938546057,5.515570445921301,5.912339852294991,6.303200022036502,6.697259084511163,7.258111390553428,7.790194209184147,8.470164916665608,8.898049356046636,9.257199864449843,9.563426318413976,9.858170201600414,10.124424797295115,10.341776215007135,10.525015733144512,10.693856313835552,10.90636543276973,11.05601479774387
1.3,0.0050313641805314994,2.0,11.405831616517998,11.535410245559794,11.675681765321027,11.765093938820252,11.914738135224953,11.972293210145798,12.077495337845892,12.158691904025074,12.237874697454965,12.327721982383867,12.34522453843132,8.141774786067439,7.570429854870008,6.932920895209672,6.513385821092657,6.054958135598084,5.686670452054808,5.357856051945495,5.0412450546353975,4.821884390315315,4.560959889160306,4.378138606830224,4.208110372204817,4.027191154048246,3.8371039119765453,3.68466738544687,3.5774274951734517,3.4209547402858114,3.3403439722171577,3.2192644694314994,3.1435269385219446,3.047152306816976,2.9624019480313972,2.8902055922281775,2.806286652045843,2.7358936641270994,2.67271103406038,2.5993737919255038,2.5251495325395688,2.498061409838296,2.432687851169558,2.3887300499075383,2.3442551090568093,2.3015953373056246,2.245767668484214,2.211993861908336,2.1836604514626607,2.1332166721112333,2.1163429791140533,2.0889981394154384,2.036012013288354,2.0275755519463834,1.9839241481425742,1.9453416112197224,1.9438884484264836,1.9251684971552196,1.90873043857603,1.8752613525037416,1.8284352620537825,1.8204123253981466,1.8287917491191596,1.7980747414908105,1.775303694007093,1.7597967497868454,1.7189166405287613,1.7301360046925944,1.730862946407104,1.7122460123412313,1.704868753988959,1.6637343949252303,1.6472755576825366,1.6483634100261548,1.6357807265181143,1.6296752138330264,1.646704249353242,1.6198831751192213,1.6170857625681814,1.6078465599582148,1.5990290592705179,1.602482594908487,1.595063339049293,1.5771555099135748,1.5787367396300085,1.5810908053924575,1.5858759303753867,1.5893204474529843,1.5864694648032078,1.5820128537260125,1.5886722383325402,1.589641881443859,1.5578202341039658,1.5778247015759728,1.590805791444907,1.5866049457426206,1.5979236656167328,1.5719432250057157,1.5612522338511123,1.5765601820653925,1.6005060956458674,1.5769691668494699,1.5878174667349334,1.6089572944358663,1.583503078667337,1.6202183590299706,1.63417132674093,1.6206793662192964,1.6178226540555425,1.6401741019711265,1.6418189896591613,1.6737728558175504,1.6866172041040812,1.6870680285071553,1.6974622370247134,1.692656407254054,1.7342459055582142,1.7506721149525961,1.7598679699836848,1.7449210718258572,1.7933340950141565,1.8036517998265704,1.8115359556049317,1.8523319473321653,1.8277642339609261,1.8795559454976456,1.8935678204448878,1.9270269968604785,1.9395575755364438,1.9619526121238666,1.9906276605941264,2.038446710675468,2.0405167496435745,2.0859841692946652,2.12497154761762,2.1468684058354044,2.1653217169618553,2.2117047118521778,2.2613909331167754,2.3176226005339378,2.3432526131098466,2.394560021210723,2.454043599485705,2.508240476376473,2.5724637406965014,2.6180650567506385,2.681296145158433,2.7505313624603445,2.780473029957981,2.8831416236596437,2.961695720980564,3.0409791786372815,3.1471479486523446,3.231333581392211,3.3413440911229113,3.456779289389261,3.5704082240203263,3.715989234673633,3.8512808381854526,4.017849048291027,4.197332273672068,4.382927152282438,4.607881248010364,4.819248434631434,5.104323324205908,5.349816348653547,5.696528650320242,6.04229331063215,6.49410260025683,7.038170876766233,7.569676894836715,12.06578248968751,12.011337984070442,11.943164691324592,11.88235841046968,11.810495026354323,11.747667878992862,11.639188537629567,11.504886462683052,11.446348895296754,11.30223889471501,4.82929840782435,4.827401177250544,4.826975754487133,10.752337061345909,10.609550673846469,10.372185760761429,10.164393100886796,9.97890209320806,9.695036233543862,9.44636287853492,9.140757557876615,8.839568116072595,8.337710302995802,7.7856336337658,7.13871150023645,6.644479308039214,6.2509235182140515,5.830269007244794,5.5290993486055875,5.213673131045194,4.98023572836611,4.72002719478707,4.512084367337904,4.323084706959088,4.118882003061899,3.9711823844220464,3.823602591750888,3.6923524577510434,3.558934146027094,3.4696073730815864,3.3474837336986623,3.2544553245186747,3.141550138143579,3.0667568923993347,2.9699270863236307,2.893472152436296,2.812377221277701,2.7579071569256888,2.6985569514398997,2.6385016265169217,2.58511015300545,2.527868441741629,2.450712590889897,2.409309419178818,2.3751848582233803,2.349717073784492,2.3098993459658335,2.267565948393535,2.2263112040394697,2.1859485751068037,2.175497552843341,2.1226565482282926,2.0963420167918407,2.0788328377718877,2.034886665736913,2.0209977855335,1.9921064994685347,1.961571204160026,1.9335824399873047,1.9249523813714062,1.9029282720455158,1.8705303758773237,1.8629685003026237,1.8286979293371242,1.8277548204706262,1.8130838278152839,1.7902760203262786,1.7773304214373837,1.7654725655379029,1.7421772532472641,1.7263825699315007,1.7519611641923856,1.6977212472709182,1.725548508011343,1.6886747361318484,1.686033104917568,1.6854446403438752,1.6661345659514721,1.6607413891526697,1.6561081885127986,1.6530731980772557,1.6592845040712292,1.6230923770891108,1.6328553681048887,1.6707729616861566,1.6455909164081988,1.637411681405954,1.6306724363226364,1.6474436034044595,1.6383631683291788,1.629452160727686,1.6428977636080158,1.631463924075889,1.6432404635063895,1.630669595110523,1.6389354916031793,1.6562912789049342,1.6325896002887184,1.6479606033583118,1.643663882497749,1.6687783517124588,1.6646511126177503,1.6590803454366494,1.6629314960997934,1.6863776244675877,1.6936866348506425,1.6775267939349694,1.6978528455061102,1.7006654068255993,1.7092108046216663,1.7338203109088923,1.7390724571736322,1.7438651210508556,1.7635799907692982,1.7675122781755452,1.7890260599545944,1.802550859897948,1.8104375660956449,1.8135057136201522,1.8273125476439125,1.8581030024723517,1.8796729920048758,1.905520150736274,1.9164040076339888,1.9248921304317503,1.9668956520418144,1.9852653689428965,2.0138041385307273,2.04907673698249,2.0630661684719644,2.0922001492112474,2.099739124966374,2.152611025920293,2.1717758411393193,2.2236403513768215,2.2687396453751516,2.3088973565853586,2.344209534532085,2.390316754215652,2.4439415859754723,2.4742003708642937,2.5378639644973844,2.5808241466694377,2.63301985134382,2.7049541902206014,2.751291252950451,2.8309235380309596,2.888736187814291,2.9927016246179705,3.0544882010600145,3.144230667415851,3.237884532602408,3.3557003759536954,3.471016242043073,3.5830808577860744,3.702297158493585,3.8491994324664547,4.017092385906843,4.163083072630875,4.341752278882758,4.503290171564843,4.77648339491951,4.973188420809534,5.264567419126193,5.580454092830298,5.894302708866561,6.303766952661182,6.702531699945635,7.247845245028611,7.769855568087254,8.521989760663304,8.980103788046211,9.403176680880042,9.763021458875592,10.03664596827133,10.307947468230687,10.493903133317895,10.713033752459124,10.90921888891747,11.101632609917054,11.227966849913184
1.4,-0.005334294676710474,2.0,11.610640496671945,11.763665925779172,11.88144143789642,12.007509204877545,12.102030017649648,12.2310428117894,12.29489213901977,12.398973090988367,12.458924363550405,12.513072276783221,12.564829992202569,8.158123413411879,7.434777763810902,6.927829712783758,6.420479422707797,6.040152647758384,5.640933742243281,5.305347754085921,5.035357071675822,4.779216551597366,4.553351568121346,4.327029164668285,4.172705180161238,3.9736930386246123,3.8365715019903774,3.694549204138164,3.538913777435436,3.4338304160955886,3.3136479114083146,3.2347508497385005,3.1322996848847495,3.0414828149156032,2.9456346307518975,2.8872413313740766,2.808199218058549,2.712674830175414,2.655118494063818,2.60471732400216,2.5344235133511024,2.481001266760048,2.4350050669205663,2.3921338583908685,2.3413150816041517,2.3038937278666594,2.24594554122597,2.2172592128872357,2.180913314134784,2.149528743668839,2.104297617768425,2.0753273351941663,2.0556255032715995,2.0243285437067104,1.9860536249150496,1.9784198655524816,1.949980494148625,1.9141296178299183,1.9036825475457613,1.8576570652013256,1.8451817765449399,1.8111570696376416,1.814510353788514,1.8099512202780483,1.778440227046189,1.7766119295313343,1.7447692072280279,1.7353573881483928,1.7128358485018038,1.7122636353899596,1.692565387895145,1.6850760705877363,1.6502788365022296,1.652457046447829,1.6511823016639577,1.625572204005369,1.631181905477311,1.6204393098242078,1.5970430764153531,1.6216980363086644,1.594464029636698,1.5984454484341133,1.6073383760356885,1.581143398379275,1.5694446158099127,1.5789314114025548,1.57338790690092,1.585400358631092,1.5793504693074056,1.5931034917947793,1.56931236112802,1.5788569303289803,1.5720795749142373,1.5697751881688027,1.5885438518793038,1.582596701354978,1.5759298403671655,1.5874796631187256,1.575824416316584,1.58627259539891,1.5768036621397896,1.599250193349262,1.6119184672984541,1.6085854488184657,1.5745503922701014,1.6272430087726883,1.6230275332259596,1.618278423248331,1.6546936522411475,1.6366753004804928,1.6533350919423135,1.6472501983305101,1.702897144532583,1.6920891776398839,1.6919680486073785,1.6911395720005578,1.7336688520926369,1.7291730287878038,1.729890327479781,1.7586430899145076,1.784334786818415,1.7839458556787542,1.846263245133098,1.8469736612085987,1.8598185656747117,1.8892721469393472,1.8992489841478128,1.911224178814131,1.9306517647247898,1.971805634964204,1.9962208997622524,2.0033675606572774,2.04633939422887,2.0823184547508617,2.1196106388477247,2.1387066106682866,2.164111615742768,2.2252215229875842,2.264694978890062,2.2821635302303034,2.344467221942575,2.385455070016904,2.4453941025753756,2.4919950909430835,2.5524616420602166,2.607511512051461,2.672718413327955,2.746883022427426,2.793868741350254,2.864510487786465,2.963426601257227,3.0635011675214234,3.1707783171843196,3.24537383506808,3.3573066826456595,3.478169078593459,3.6087126112479813,3.7164240416450753,3.8816855747659367,4.016063183445542,4.202882880103551,4.426457527162974,4.600273493648022,4.85887879054347,5.089942924983778,5.427455368354915,5.690059418405675,6.106970218404239,6.494681033184948,7.040455077750376,7.679096189779835,11.844852586212827,11.799897155313005,11.749042311725237,11.652471453411298,11.598785606672491,11.509141767318921,11.439354835615234,11.324592773831597,11.237340447542486,4.753208061861701,4.749543204397158,4.747329504679004,4.746563585541153,10.564425716410474,10.377156312404123,10.184129541452673,9.996194289018803,9.747350088398202,9.538228988216575,9.271647241220416,8.993254815809127,8.67309724598247,8.321755894594629,7.676645289640909,7.058261637884067,6.6283337497042965,6.159993486915788,5.827479686254226,5.477920257055931,5.222253723322343,4.935131057702937,4.725007053565306,4.484340719783827,4.281476845659261,4.117686141187416,3.9535916565360165,3.8119675044744437,3.660931219175151,3.567450350399626,3.4452122752720804,3.3433705450035824,3.21164759116402,3.132710804375318,3.0679707738692152,2.9640229580623925,2.8977399210376786,2.8219065357735196,2.757349964440447,2.688027010672577,2.647422395364526,2.5737346206004914,2.5090356819010164,2.452393831246476,2.418233161221812,2.3827386105686905,2.324500811474902,2.3051528592491475,2.274726087237468,2.218881665664108,2.170039883981715,2.1360327912097783,2.1230352628949922,2.081303293769612,2.056030014789932,2.0416152385689124,2.011508232780926,1.9707303266413438,1.9705325316046434,1.9339830107818172,1.9368983461129599,1.895807971709919,1.8728582201365798,1.8700825959813776,1.8420340659725916,1.8259969503466515,1.8183213926179527,1.7798998098436807,1.7763104520636253,1.7789521473990357,1.7785775769233054,1.7446926186839962,1.7223499671340183,1.7128228155980851,1.7247314932456206,1.6995959442894757,1.7068403972349646,1.6816993210646123,1.689671814154994,1.6933839361295664,1.663602186292905,1.6587348026689637,1.6730694917609845,1.6470915637405883,1.6335190211647788,1.6317095811099165,1.6359718361252016,1.6485785255578917,1.634036373714067,1.6304897045943805,1.6413064591513822,1.6151014191981585,1.6155705521972206,1.633109642485203,1.6483947815005953,1.6335161587651985,1.636440568123985,1.6305701534926083,1.6276221542372404,1.6483672314827515,1.6397491848207295,1.6500519391984367,1.6338300168494904,1.6516537899585533,1.6641765572117844,1.6806752143523003,1.670943621232305,1.6909029327019547,1.7057114986957103,1.68658016107705,1.7147600365992355,1.7133110484772456,1.7537820088097593,1.7541126630924966,1.7631862534507126,1.793715801669271,1.7620899642265173,1.8153193322032144,1.8176015350027148,1.819228859718033,1.8423130080758878,1.86403274131925,1.8823414854643068,1.9098387663481335,1.9236005145158102,1.9372105667899422,1.9462099352744213,1.9916281876448791,2.0249114755242372,2.0317861435746836,2.062659647285385,2.1039864609232155,2.1043896629768595,2.146054576638863,2.2028055728337685,2.242541596867906,2.2690270939132504,2.299507993514219,2.3409357049932717,2.400895519878755,2.4430679412421887,2.483982399614212,2.5446760857614468,2.603198125238359,2.6469061582458786,2.679395591152221,2.771691008831302,2.8420570183946534,2.929195670196944,2.994862779897031,3.073866797109733,3.1610948988375527,3.269469756290271,3.3688900324680704,3.4790659272831617,3.581396824128734,3.7159911007585107,3.8857862774856695,3.9850480384796367,4.176345755964541,4.340271324092128,4.5410346201534,4.752372098097333,5.011057895902166,5.265109792878732,5.580707290220199,5.965039699994198,6.2958801801917375,6.784509943606334,7.264343644255091,7.893631383536005,8.525141418117451,9.178186980962703,9.522509857966162,9.94150754813263,10.217677053876299,10.462698604063018,10.727206658556637,10.916671771054586,11.11965372600194,11.281324600383492,11.484284469595082
1.5,0.002011996507710616,2.0,11.801291148105106,11.949834174242682,12.080544820822487,12.219913210211695,12.33380678846551,12.437266273276878,12.528488937305886,12.594386220007978,12.648892699623284,12.707726944624692,12.77515408180039,8.177483510883453,7.440132450985503,6.843981726770472,6.406923551136047,5.977683512363994,5.6247952086134925,5.325949564993497,5.041139760804187,4.747145836623809,4.5468411852365325,4.32585002074235,4.144104516768639,3.9753715519633857,3.8304430388662074,3.708698983706268,3.5361772528260325,3.445095039686163,3.323523037788821,3.1978707192875166,3.1083552725124375,3.025451859984527,2.934491767021301,2.8554907442686734,2.8022383094134056,2.7059755672218255,2.645998295312285,2.5966539068946735,2.5450064307812896,2.4843366693129267,2.408131584037865,2.390940866580143,2.348493536646921,2.285860215340226,2.2396430017545303,2.219995509027356,2.17032263716958,2.132499097678963,2.1130631232398103,2.0708104781779157,2.027806305175363,2.025500237118985,1.987662956382641,1.9601907952327906,1.9315623698428566,1.936660585056373,1.884355737880499,1.8447595497735336,1.8208572563994079,1.8149464272841138,1.801530811778499,1.7761044401989503,1.7795138104193766,1.7677051343698598,1.7417620721184726,1.715171984656647,1.7034175184262033,1.6915731011579511,1.7027784124576693,1.6834954110691775,1.6606321764508767,1.6507743216782709,1.6343865328367702,1.6404573240877074,1.639530946858582,1.6284516896353582,1.6322118876384568,1.6145197098509532,1.59261814067955,1.6036489479193101,1.6074035469145067,1.580461844415944,1.5839808623884575,1.5880088343846561,1.5754421973540065,1.5740896275419227,1.5624278749346197,1.5843157908386827,1.5679556799787309,1.576499576502893,1.563542342641376,1.5791428476303861,1.5748743489267052,1.5626363427652825,1.560234649681286,1.5855087622788444,1.5846666799111409,1.594028527902705,1.5887335261015874,1.5801777085412418,1.605185991246209,1.6090669720898738,1.5972492118774206,1.603119793964968,1.6137183280043135,1.6066447018613916,1.6211292529762324,1.6412627839135838,1.6456077934024351,1.6684850602268688,1.6853430224399828,1.6737170436353053,1.687488493451091,1.6822426684073575,1.7284465733419023,1.7422015523553176,1.7169256273551046,1.742950307570265,1.7618094980598336,1.7979280564373614,1.812879328995249,1.8480758545641283,1.8620925623003681,1.8710508102157244,1.9098210801375344,1.9090980572079537,1.9527708611086327,1.9472058397644993,2.0019382641977224,2.0274791724437145,2.049524283732379,2.0882941324603816,2.1277694923908292,2.146179825993868,2.177116970952236,2.216938859451131,2.244946863323596,2.29797861207958,2.3580422170733266,2.3770902527827085,2.4464814138147677,2.4954353955928417,2.5441278923599517,2.5956095903880354,2.6920150319390217,2.7371022642576337,2.8075679164912306,2.8836049437610263,2.9852492386005127,3.0631801932906315,3.1620470157884926,3.2440346950967136,3.3557132817238826,3.4721143109695762,3.612736894095247,3.7397441679844476,3.8771316170587875,4.029032282728152,4.191167800352415,4.407418333600778,4.599118479903395,4.8649474023379895,5.136984745135508,5.397491422983605,5.767885053490767,6.111887573414927,6.5842399675081325,7.0454689310603085,7.684092484615347,11.67425043326432,11.59459768455244,11.512787631858643,11.472678227740907,11.37400209233777,11.34532967629214,11.21748554036723,11.111284336567389,11.009176819338549,4.673818852625393,4.669820462069068,4.66724991419345,4.666103286108502,10.32340153358973,10.175340896426775,9.955624736382344,9.794127043806723,9.601500400307222,9.40921411221054,9.105177947541828,8.790635711941606,8.553378460329965,8.146655288382556,7.677040606239184,7.075219811812419,6.633725146118056,6.164493471457798,5.837568846626953,5.491358679930078,5.15685717616572,4.914636286760858,4.681075869042534,4.479278951794291,4.289344906941433,4.1352871412104175,3.952601550630054,3.8073608129426413,3.689521978180106,3.5262336942137673,3.4383250829947025,3.318327575537937,3.232179044496217,3.121137242408019,3.0590160858859567,2.970882968406357,2.911883823347586,2.8175401677553524,2.723666925821925,2.6973008796626274,2.6234957035641346,2.585992122695001,2.5281968010992344,2.4545880992042646,2.417241680849625,2.386402470497659,2.3468230088765303,2.2750485072383597,2.2560647929884836,2.217238480717159,2.1672623586528688,2.1594221577030037,2.121847552461972,2.063434964768352,2.0408069858847004,2.0430123802117084,1.9882744075007113,1.9762833817976644,1.9607278388064489,1.93374055438923,1.9279334256831357,1.896067997489112,1.8925726636924733,1.8513129328843498,1.8453563096128751,1.8225835852842336,1.819672825326174,1.781206452358266,1.8007140644806556,1.7379962846050998,1.7788438079067856,1.7387141443906904,1.7325058040195955,1.7198045615414652,1.6913348356039974,1.6995249259420706,1.6929184964722954,1.6800870047566772,1.6907724944745557,1.6780547708995028,1.6640789701774035,1.6435818147882952,1.6438212285736213,1.6540589400183012,1.6360789250132282,1.6264035015881078,1.6473577562907105,1.647179506196309,1.6336348096358493,1.636533284491177,1.6575963207799889,1.6324483713640596,1.6168705104070527,1.6424587543260698,1.656569384279477,1.6479828718472127,1.6437566192051565,1.6313360158539483,1.6380538081070704,1.6331871319622788,1.6196372936522747,1.651741215059058,1.6461454660734351,1.6388412317909193,1.6486815005668973,1.6676299491387943,1.6891593980816426,1.6652739569281694,1.7145528429655759,1.6775607496191844,1.7340791702104588,1.726437175137376,1.7368255344866408,1.7427040319492293,1.7785380553717849,1.7890563113573241,1.761236488025591,1.7972153364179995,1.8145512920729463,1.8347036454390604,1.8376520904221672,1.8716440289671317,1.8809782509899413,1.889406848341417,1.91920664771281,1.9354706399151937,1.9597558378544124,2.001880591256767,2.0110158982035933,2.058139728771121,2.085857897688646,2.127289490641491,2.1319104330400727,2.1548635762072417,2.1904257072127424,2.253907071622414,2.258800230747521,2.295421642355689,2.357295498319627,2.385648863858611,2.434876963858092,2.4830688405476713,2.5298998938115744,2.5738460626972204,2.6629963106415464,2.7020630400772085,2.7930892124876108,2.8425197287242936,2.93166194166333,2.991093626034764,3.073137255378899,3.153204771860341,3.2814494637317777,3.3796867655650074,3.471383953692686,3.6124592501574986,3.717949498712145,3.8957839956367426,3.996419904600878,4.188311682554229,4.338885908959357,4.555997641464052,4.814367433625206,5.007561800445483,5.314615920335417,5.570893888857127,5.979834163093443,6.29809260404262,6.799403961660167,7.3501654422889775,7.908673115088951,8.673566243964302,9.22458562649875,9.73455368184825,10.086077108067096,10.377369276504382,10.63387831174258,10.897399176258121,11.141176796580131,11.307948379166085,11.515087521246487,11.697754148798811
1.6,-0.0021397382905581804,2.0,11.974119487792684,12.129441805624104,12.273814801348001,12.405622392328068,12.518083006993404,12.62843132875229,12.712447343950954,12.796015302525532,12.884726956629587,12.910247742489233,8.876189656262133,8.15048770554788,7.437349411083334,6.9520745498732035,6.394082422836479,6.047373229020669,5.6452000478041295,5.282867654567621,5.024963955412677,4.779857052358604,4.5533345508242,4.330304925944759,4.185124712756661,3.9789714355613524,3.843793589178883,3.6941240701777893,3.5348663577021715,3.451791106531347,3.309735713011103,3.2112641616595456,3.1161258160563134,3.0370283006498986,2.919788819020046,2.88278658082009,2.7934505225147985,2.7282617168752012,2.6435379531624554,2.5931021661763833,2.529788543656401,2.48413304400914,2.4382745849809933,2.390428181147506,2.336887205791206,2.302942600415826,2.226929849502215,2.215255964111315,2.1955462613793144,2.1526805488027136,2.094910618400824,2.078471615700211,2.0347672430537136,2.0198561255930962,1.9753843555615984,1.9786871010505573,1.943347903684115,1.9242230179465443,1.8881904912335719,1.8785037298615532,1.861474966913048,1.8194317186109554,1.8174528090057196,1.8129243215802808,1.7788017465258863,1.7628986810058853,1.7111313401327524,1.742296249080936,1.7270187091874438,1.6940696611289199,1.678762884055387,1.667555885129081,1.6643880107561226,1.6631346202839477,1.656461714883954,1.6367091608163546,1.626636447533038,1.621628759238569,1.627900749994312,1.618652834091907,1.5931390945903598,1.5965828927065855,1.5829899391179256,1.5855365614172787,1.5738779706197608,1.5703106974305434,1.5627091676460714,1.5783758947416935,1.5811557043931659,1.5809160662841786,1.5723033993266866,1.5832173619214143,1.5977102107260832,1.5692254372822856,1.5687076694179065,1.5838250041736321,1.5640827570707077,1.591486963221275,1.5529882135363862,1.5746065483572564,1.587672165993856,1.5946369869030959,1.6125947355250878,1.6058504226487151,1.590148694761595,1.627664581466692,1.621854976423031,1.6328429760383885,1.6333731471154638,1.6508495956499047,1.6535131047473397,1.6645210632511949,1.6838467880403412,1.682638281752619,1.7087328656837484,1.689625416774781,1.7010204282384724,1.7399127923169964,1.7514472431933572,1.7718234950319602,1.7698643477406588,1.8082390770163597,1.8111149614178876,1.8324648025218033,1.8585766072036705,1.8837602938929991,1.9058208724796695,1.9416769781454795,1.9429139055917566,1.9439738410798284,1.9872835808556708,2.0290473179924864,2.0383014356625666,2.086403280825603,2.106456318231953,2.130521445120765,2.179651378409896,2.2282752352021373,2.2752464155347853,2.318561330186361,2.3578539930893987,2.401156857507591,2.447243097315273,2.497984543321535,2.539439942137577,2.613487431572711,2.671584045810842,2.734050183396566,2.79309371305585,2.8704099511487744,2.9587363583434767,3.0683504571777145,3.1736515408568944,3.234277787860547,3.378105208877986,3.47426990501399,3.60600883460691,3.6996780166153727,3.890041795784666,4.012017986471852,4.193651100960817,4.398977484021894,4.602236626099252,4.857652358828426,5.087003758170236,5.410318666221611,5.71006191646916,6.117854790647575,6.493825273585339,7.062694086619598,11.479486104484007,11.459166567264461,11.384600981560169,11.324389512455403,11.288087914061158,11.193056188500359,11.106246633036308,11.00787340513971,10.878027216901303,10.772383508714626,4.594863885726335,4.590401460634007,4.58734421232941,4.585687472590097,10.18035613423019,9.996030243898248,9.791324219278819,9.636686660618835,9.384921014973125,9.234042601690719,8.955864101261966,8.72339884718941,8.388328830677542,8.081465287537725,7.678888443742293,7.06036311640412,6.621395960398947,6.192543328263265,5.809553181576781,5.473460531498807,5.224587252384063,4.9324005620595495,4.718173420181047,4.467014680739005,4.280373095013611,4.1293919675275985,3.9644477307566546,3.832593906555394,3.672013151783312,3.5543462920510676,3.444289245094892,3.3489912398621784,3.206016135691875,3.118362223049227,3.0560353686515134,2.9615219544563485,2.919039898636535,2.8145343642653473,2.7726292911147152,2.6799735747247952,2.6264916616604133,2.58113773287483,2.504873359330634,2.483661694276809,2.426263382384971,2.3937221082151714,2.33884414112021,2.286681835345296,2.2490165295646083,2.2217632011180792,2.173796396479117,2.1413542890492736,2.107548075002133,2.0940173654286114,2.0521209391207047,2.039842388875004,1.9969967996418272,1.9755054251292004,1.9545749964364023,1.940415623924446,1.9226273021158617,1.8930172380159287,1.8674715952763403,1.856966027193254,1.8408812322404162,1.8275505825556282,1.8029422189289706,1.8038987680865288,1.7798680208373658,1.7558885836418738,1.7517444536678293,1.7269414405676893,1.7457706812553566,1.7130038040290405,1.724060653341864,1.7096077085821988,1.6984499244953917,1.6708272400086868,1.6725727389194944,1.6695718793095735,1.6690144918309782,1.655869621872633,1.6676917523730386,1.6530089347953825,1.6361416851948178,1.653176557177981,1.6531859627256598,1.655117058840903,1.6274472576843741,1.629840312762655,1.6457279972026946,1.5893139719388787,1.6131104273572756,1.6138737876418536,1.6443660932292377,1.6406431986120715,1.6217356418996443,1.65099547841557,1.6441273186307108,1.6396358621079523,1.6396663953278885,1.6246083152395654,1.6503977814525124,1.6633731963990788,1.6684677837008617,1.6680091550825706,1.6893701873757978,1.6875764121085892,1.6947866145613186,1.69738106583734,1.7147161402177753,1.7127993560363708,1.741570609700496,1.7289401820082226,1.7707056855146448,1.7572625853568629,1.769826126828681,1.807204604227377,1.8271432057380137,1.8210533816732402,1.8412061629100425,1.8562620894589128,1.8957350286395998,1.8931871382821712,1.9247317600110314,1.9437182461325988,1.9636752094081609,1.9968059647883716,2.0173525766018257,2.037332058139349,2.05654175938518,2.0962091468266433,2.110401158128361,2.167931548067208,2.215516047013545,2.223007027195236,2.2606760460643347,2.3030457229975307,2.3464940164448675,2.3941776622234303,2.429448497866905,2.4799243973488663,2.5442807784428934,2.5840051090726837,2.649330372342128,2.6948594726340622,2.7547547985240555,2.8526484235022234,2.9138468945099945,2.990357049746484,3.0883205215914606,3.1406258499741893,3.2588540616491373,3.365937756629673,3.475259730881436,3.5719098891275203,3.7194760956244797,3.8535314091867754,4.005343743311424,4.189731418377371,4.335073359967705,4.557192626294851,4.746238379989457,5.005578866745193,5.261005001650842,5.5747295301585575,5.964619639301425,6.28354359025166,6.777977337829236,7.25489001675851,7.895258136246276,8.544890540221832,9.345159201664359,9.787456362219844,10.215521716753464,10.539390585891937,10.810478244854872,11.073100947033302,11.280662550312341,11.50196433487921,11.709711520130233,11.871823273067378
1.7,0.008742811430246807,2.0,12.17567714457766,12.344829089548758,12.459516159756197,12.617033159822972,12.71693917321079,12.805164732088144,12.927996023939016,12.984361259175769,13.07925829500261,13.10313876207644,9.046125401477672,8.290715748852687,7.567268972292404,7.0129663883772695,6.490148119336609,6.0452772108014186,5.704444953705355,5.3551719093920385,5.100899186654679,4.815677660072247,4.60008131955194,4.370465477309313,4.19645431394735,4.018409502197956,3.829544755519803,3.7291957013393886,3.5665391629747547,3.4748688517838167,3.340436405902834,3.242668956976015,3.1471348608585186,3.048313921082112,2.9745896250943185,2.86132145434976,2.81018625836192,2.7624422109988864,2.657625857338592,2.610867199098659,2.5682057532881384,2.5031001642472464,2.44070075301033,2.397348177873364,2.3515488954980674,2.3055607371918065,2.2730409341867066,2.2128626119137627,2.1834427758499007,2.1438340839417775,2.1467811535950543,2.091594114977255,2.0542505450712545,2.0117323974292645,1.9730358558453998,1.9522949368492,1.9394167454977491,1.928003515652931,1.906366780199068,1.8667928235464804,1.8620942568912298,1.84742509975821,1.8183061680574546,1.806268527548631,1.7871573220327597,1.7853505809748542,1.7106868474922015,1.7392447780807205,1.7263379945789878,1.69318597097968,1.6934718694648754,1.6753781524278666,1.6914729264395816,1.6723085630961163,1.6680959493094063,1.6522758943775846,1.6392781460399293,1.6294515098996307,1.6165847776466657,1.6068059793096106,1.596209951094161,1.5987957199404672,1.5999860295114081,1.5677158616052134,1.564713842175727,1.5875783736599942,1.6022005371899901,1.5681496122156247,1.559808973429901,1.5856991238365916,1.5744748840931835,1.5791828433374253,1.565138560660533,1.5777395686989875,1.5912654595620135,1.565018254258751,1.5840446024090151,1.5897418586424215,1.571730606932717,1.5786583881682437,1.5832247748380726,1.5671160397934507,1.6010876423338007,1.601889577707333,1.605626132702941,1.6210463236869481,1.610780739430437,1.6290777968200416,1.637926567356386,1.6575341392835035,1.6503140893995147,1.6626305635756473,1.661805702554551,1.6678843392971228,1.6980361566328057,1.7058522358197983,1.7256041171355043,1.7462770578005862,1.7384397093924517,1.7736057412207882,1.7810571198317404,1.7825787115107399,1.8319861908799935,1.8498999974497317,1.8413848262512285,1.8752866083310697,1.886553317582726,1.9133289222917502,1.9388480634626237,1.9471736320620658,1.9693218132159258,2.0262856764184134,2.035929416468593,2.0809221190644704,2.120157043729137,2.1470408947239252,2.1744472166031628,2.202428064586215,2.2640813705478373,2.300700890009253,2.330122490110764,2.404518714380021,2.447615309412954,2.5069948903153048,2.5310743182328928,2.6238883067012027,2.6667195846127782,2.742262115744678,2.8010683883729035,2.8693025664135607,2.956526115726921,3.031469244258918,3.149261422379805,3.229224770182612,3.346351564130548,3.4552048615170112,3.575886075293017,3.6838113767849987,3.8393783236300467,4.017065336046853,4.182558281673954,4.3862832954083375,4.552846520768757,4.816985650056684,5.043822353665286,5.34709329502318,5.630721168171733,6.059484444613288,6.500790302917322,6.95938059287856,11.298496133851279,11.255305514989068,11.192083231398604,11.14150822499181,11.06083915965953,11.010608714071989,10.892536737338553,10.820685487487063,10.713505243526951,10.614430409915924,10.496615327605035,4.51120271575015,4.507868442954994,4.505911140457987,4.50532782258408,9.801995370968783,9.6474693616248,9.489901426134244,9.274311757167268,9.087548741351874,8.835795678965665,8.615259520905024,8.351427598530359,7.991202047466249,7.684802078268989,7.151179756413266,6.6960993950139756,6.240999399706534,5.897075054320382,5.543119544469136,5.278461055974863,4.977215541870918,4.694457884626522,4.527956550720248,4.3130045770062155,4.1575940861887535,3.987878366846329,3.8232269919334967,3.698441872065378,3.5687610443632134,3.4649172438382494,3.3379916272250996,3.2314148120944144,3.152762422375426,3.05020674208849,2.977305517614132,2.8996132200533946,2.8287774232619256,2.771785377277828,2.7037468667295252,2.650698947265035,2.5664207568214668,2.510909277711632,2.4766658199150564,2.4271096940770533,2.386109085021529,2.341436297489299,2.2869504296315055,2.2623442564034173,2.2174500491716307,2.1761286381554386,2.161496887240928,2.1232912098527135,2.109924693591841,2.040412648905944,2.0412331069971623,2.02169267477102,1.973469553662844,1.964410164815857,1.9536523145771962,1.9082207919095784,1.8911947679404824,1.884939431181131,1.855545163201149,1.8388371496951879,1.8162107456696912,1.7962329847833156,1.7995226295550233,1.796188101506643,1.7658941195533142,1.7779521770211912,1.7446805254870235,1.7407837716007404,1.7318707237340154,1.7264704455180309,1.6956499703475694,1.7086569914112602,1.6762788319069268,1.6832649539240099,1.6954030136285363,1.654266725897183,1.6310993592454635,1.6700658661668593,1.6797127607358606,1.643204036414388,1.633151578777792,1.6371789945292505,1.6417961584058667,1.6214649111805637,1.640885449825185,1.6378685993267608,1.6238832910069412,1.6350660348187211,1.627649251804819,1.6293857862398717,1.6412662861350333,1.6497300289151162,1.6354754083896832,1.6551135235962888,1.6370548789802442,1.655247901582601,1.6416505528445136,1.6676989453164972,1.6658522088324956,1.6543522602376353,1.6977375676131035,1.6782690133482991,1.6650056855162936,1.6914898009004362,1.6959543995964064,1.712895422193623,1.71972990748792,1.7420544510565437,1.7495000159854126,1.770480077364633,1.7590377462160882,1.7544501399473593,1.8013337553255275,1.8041911748053925,1.8302341201942038,1.8317753381551416,1.856206580006401,1.8851180847351041,1.9017027036223204,1.91206377721212,1.9435390193301667,1.9694870588906375,1.9790788454732942,2.014093351638259,2.0367525692774926,2.052238485943812,2.1014612949618594,2.1218124775472487,2.1596398273181054,2.190283271288242,2.2232954658023703,2.2632220734859607,2.29584489119166,2.3393431095946733,2.399075425660846,2.432402344288691,2.479907629551473,2.5249135766079727,2.589070730196962,2.6371755822232763,2.695841351394394,2.771219018146565,2.8289314849960925,2.9007200243060214,2.9854200818650103,3.0683820100401364,3.1447789064199205,3.227494089093367,3.3680687978600488,3.4570265013944343,3.5810615652348337,3.694321892201904,3.819904869088936,3.950721943460965,4.158917179551884,4.325235267469714,4.513886847481855,4.699985355935473,4.978710472298282,5.258538679802289,5.543833941934538,5.896824596273782,6.243621677309456,6.713776886649204,7.156588077730531,7.783420574054169,8.401245791800763,9.301618689254964,9.868582394796364,10.282894604284268,10.654400979634142,10.944591765079247,11.212701223514976,11.418202652770791,11.640514814050897,11.848719335313929,12.056867113950108
1.8,-0.001755345737451091,2.0,12.370380580027772,12.509871941796987,12.67520047869836,12.81484773085692,12.909098895419486,13.008084605471728,13.10555209056384,13.185957547510615,13.251553035974473,13.323289285058964,9.219988351992013,8.312110548696262,7.55466180589411,7.019641981315281,6.486712863498633,6.121266577505322,5.7027217087517945,5.41117024580195,5.090456757146577,4.856129323518161,4.5996183977685225,4.382088831905657,4.201088270860055,4.01928276019759,3.8714521648759614,3.7222219776209258,3.629700729859281,3.4615650298261285,3.3516196925194075,3.2474049257052573,3.1565924129450678,3.062587659320125,2.9659788553803312,2.885930652022347,2.7909806463184808,2.7479494558402076,2.671325803804878,2.6186495299638946,2.5542862942762397,2.491220999830828,2.4337908193683355,2.416400537413811,2.3563365399705756,2.310535251801236,2.2727330306887565,2.2294913356964026,2.1867147536121743,2.1413009049553136,2.1141470414575627,2.0788915687837792,2.038405116416239,2.01570752900737,1.9896309660461704,1.9605016572017206,1.932656802424869,1.9120846085896213,1.8992046687447497,1.8719133814158966,1.8642594803060597,1.837994199044316,1.8195230317164668,1.806340828115491,1.7816344065105243,1.7607444277546433,1.7363742258588137,1.7413998026983386,1.7327167055340806,1.7017327552993635,1.6988917865759465,1.6797831791734998,1.6819602594574312,1.6717630809232582,1.6851071383574963,1.6347520680990673,1.6351209599496703,1.599219731773094,1.6352267549901762,1.6127558421094932,1.5987055279384301,1.6066405531308154,1.5926357055533726,1.5594846412337593,1.5829974449522755,1.581731538445895,1.581388622294517,1.5873714309995808,1.5893285838220017,1.5696693628094058,1.5843908114077636,1.5450284004491228,1.5548769333968813,1.540798363363033,1.5834932273425644,1.569208040755225,1.5948244960819946,1.5803148639986966,1.5812225364000831,1.5665754570013093,1.5814234110786505,1.5905139979367648,1.61077935924367,1.5979954062461073,1.6123386906921884,1.603199408020304,1.615695670552267,1.6238585354015733,1.6478730637040107,1.627623960565802,1.636583085731358,1.6644705277623109,1.6655471371313149,1.6726261589157012,1.710427160328417,1.6965752010373392,1.718445273731674,1.725821848054011,1.743346750207251,1.7700769803390461,1.7858539786068448,1.8108146419673092,1.8134835991473237,1.8091985035642675,1.8416209087200692,1.8620885490204566,1.8767830648772523,1.9051139155340522,1.9327555856853509,1.969578143602966,1.9730012497756548,2.010383753824937,2.030743853394541,2.101385921560245,2.1063994284263954,2.1539274914605957,2.1652618681327804,2.229350939568155,2.255813113237391,2.287411871029341,2.331229498435896,2.3592061936652895,2.439394777604508,2.4790600250628145,2.5460892878289627,2.5905406468706538,2.683286026695117,2.7364995288588676,2.814629683683174,2.8765156526179565,2.93067855600695,3.02306040932022,3.1293417589505585,3.224150140257146,3.321755870000622,3.4271304952520234,3.5613875872614495,3.6814739494928372,3.830238410102738,3.97426575017634,4.160469911327126,4.3345385045436196,4.559799511074522,4.814011217844421,5.04231850713906,5.36098150030496,5.649047756347594,6.029982412187514,6.420793091348295,6.948420249352604,11.097556825035898,11.042920132006463,10.980971449109235,10.92293531198383,10.882299434098774,10.785817561005697,10.715941996829029,10.62916551848662,10.522215411944945,10.434314189147546,10.300085512391462,4.4315177982525835,4.428105849746587,4.426046836160789,4.425337616327141,9.646665578160752,9.477803315608957,9.304397125453997,9.151732581144246,8.895789988429339,8.726663163520113,8.49622937527162,8.202937369145037,7.956454045038984,7.5815149811061335,7.2839093268655395,6.704810565076738,6.309455340533338,5.893211673048343,5.545730557064473,5.263627413357456,4.986456965345843,4.76429992789206,4.506034942074558,4.326483771121864,4.179514350966261,4.008887965253415,3.8624357607295168,3.715367462569958,3.5623802267082567,3.4633281275608634,3.3462678880405807,3.2488550121066826,3.1580047432490694,3.05156172106065,3.011196534053624,2.8875198803085596,2.8331733278883697,2.7818463488193683,2.702666338192954,2.6303716410758637,2.563574317919901,2.5297146257883485,2.4854674409199355,2.4316828186540707,2.375695833294185,2.3377870623676498,2.2901453826568994,2.2708892620813272,2.2144371296589163,2.1778309825991977,2.1708381085901407,2.121978453511671,2.0990358835177894,2.0775304124101104,2.048452710155555,2.0137878643098266,1.9794204559270818,1.9654625503753258,1.9503857458359568,1.9125865847570942,1.9080510508070465,1.8770404568089065,1.850850199883966,1.8436518202069663,1.8136039932611143,1.82896555456191,1.802783018893925,1.7924207385668252,1.7745850671573926,1.7556777688318055,1.7297488814848414,1.746040759497253,1.7279454320451446,1.7207647297700583,1.680608636551639,1.7077153392412823,1.6847938357190844,1.676620911075239,1.6694278975392003,1.6431973108921145,1.659345100014212,1.6395287265588043,1.6698384845466596,1.6465046719218492,1.6323496063407503,1.6481388009593207,1.6417145688311106,1.6375596841255278,1.6585524060811805,1.634306674761867,1.6567378826170076,1.6368424865901399,1.6592812915562738,1.634764288609323,1.6201756566521062,1.6252104399966918,1.668391371848098,1.6496002797482578,1.6399275033899912,1.6414266623895635,1.639754113476443,1.677365694936226,1.6468126180103801,1.6678873017432858,1.6942012296165125,1.7061345782438764,1.6792842808232238,1.6866727687411953,1.7095078136619393,1.7298962673181646,1.715574856245687,1.7453284131419826,1.7298256508938428,1.7661403373304407,1.7435440407051854,1.7731468623878335,1.8054364234566067,1.8207963316197124,1.7997100579707717,1.8362413441356935,1.8568199328377455,1.8707347861439931,1.8840710760002335,1.922742534500652,1.948308263987754,1.9520593322313615,1.982249941621996,2.0080459393539503,2.026951602052985,2.0666698194624153,2.089917412136321,2.1310979610638285,2.154054000711688,2.1692012740789766,2.224064418915654,2.2505591858385814,2.2915943365319684,2.351165146934811,2.3857884000296257,2.4293838013065465,2.462876609005657,2.5182331699796308,2.578190402291993,2.6329368677976617,2.6900132041145834,2.7637732073259658,2.866196321155424,2.8872667850899503,2.9819750443253046,3.0760259593448214,3.150765406160799,3.254149752002327,3.3401441015356332,3.466606746650456,3.565516307372735,3.685878228779016,3.8287080666807163,3.981150551261478,4.101359093145356,4.314353043897172,4.54290108060072,4.733714161886979,4.993833915218863,5.212928315474782,5.534568096498336,5.837008152943082,6.241481579197199,6.620313332071102,7.153235400259938,7.810758541104741,8.410190906500391,9.293294451538168,9.972857978302883,10.438353261118147,10.774568036440673,11.078893296021807,11.319377704160527,11.597811344162091,11.838011399367812,12.023810770611853,12.237669154903127
1.9,0.0070403830604611785,2.0,12.549367281923299,12.709135168564867,12.834127820330853,12.967753053786742,13.084145708504982,13.225799211188924,13.31006533039312,13.417027450040047,13.460099460840192,13.511507948970515,9.208093652549133,8.413530768065737,7.672034132535157,7.125699368107569,6.584574955212531,6.18581527615939,5.76458861054885,5.453796094117614,5.142970864743119,4.869752532626496,4.632108998466624,4.392550072517706,4.223216864913996,4.03852418800007,3.882787231675331,3.744721787327336,3.620465794269737,3.4700272996206727,3.363857391924172,3.2614847515250065,3.14396917340557,3.062898667453454,2.977050485301205,2.9082106043238616,2.7982505938425266,2.736767839515463,2.683684907222937,2.610164135137885,2.5652176893060807,2.4979513992078424,2.467675617943048,2.397331680003946,2.364583258128764,2.3075674757644467,2.2522958851025376,2.2240708654968846,2.167896963960178,2.1575404503359836,2.108701640805878,2.0851751524876945,2.0507195123811943,2.021332006735187,1.9943298541692718,1.9677236466628618,1.9162658965904746,1.9407160063625732,1.8986521376590761,1.8824489703719323,1.882414112009071,1.8483675864060167,1.8278382603813088,1.8021318398578856,1.774145400494833,1.7692374956253931,1.72944864921193,1.7336517633292008,1.7116371536509007,1.713243660191116,1.6881555361370517,1.6776581978011027,1.695336808662507,1.659663768670058,1.654310188357183,1.6429261504882702,1.6341922012215013,1.6065650037453931,1.624872628550747,1.6174524697708907,1.5931523095942284,1.6074741314341257,1.5945181025565538,1.5995969791222597,1.5879300819787443,1.5883868043064482,1.5725446149324231,1.5862390006006701,1.5815045054435841,1.5830834260762559,1.5672475129561618,1.5624414063512615,1.5530048227467703,1.5610847405905075,1.5402544237330698,1.5659071875525583,1.5710968118028172,1.5912318495445554,1.574681402555071,1.5871396463596255,1.5803869050103327,1.580247335758168,1.6042732724722402,1.6022713843973346,1.59366020567713,1.6047696161299732,1.6322638214940914,1.6189692303838668,1.6105580192385076,1.6621460097746314,1.637129093460091,1.6569995831952615,1.6482079980857187,1.6747317537779718,1.6799457257083013,1.721790791675571,1.7113543436907999,1.7274464909025624,1.7220777182599962,1.778639009080367,1.7692802990441339,1.7739293938471565,1.7923053978859451,1.805606077950721,1.8290044831930898,1.8486183083994774,1.879660976924615,1.8786592059498979,1.9080514591671047,1.951087794692721,1.9799519938550874,2.0063601139110196,2.039719328640859,2.0637586719203744,2.101325278950449,2.1468717822819765,2.1677072473237295,2.1776269499411054,2.23237076340347,2.287574525866964,2.3299904092504113,2.3761140078495377,2.406173488135923,2.4645540184626737,2.5029308523673417,2.605524864392015,2.6507326379298575,2.7059231302640074,2.7890596455767387,2.870249607086748,2.9229282001581938,3.006784978232734,3.0939273725691123,3.1995946295394964,3.3150050898048327,3.406873124506218,3.5275503973448576,3.662749485609259,3.8078646096299225,3.972030214788212,4.130725591812932,4.3126190038298775,4.530444475599554,4.746672882057152,4.9804840222985645,5.290949725101632,5.583403600405209,5.972146644025047,6.3163721129653965,6.8490563074054425,10.891554695937788,10.850567464505113,10.780565132866478,10.723514007027655,10.671337715259515,10.585228942043138,10.494253042686973,10.414461120900631,10.340178495319336,10.216498298766215,10.138250700392465,4.352175877951086,4.348673215652803,4.346499604384535,4.34565172771232,9.473145617249704,9.295279206181922,9.13576689098835,8.980950965389031,8.804350979420411,8.56734661172618,8.37731348963299,8.119413302140893,7.887343831831734,7.5665256519869155,7.275011594054399,6.7967429964746335,6.311111149161767,5.966155375824203,5.609944654352115,5.305812743981169,5.023543840589086,4.80119599841402,4.554155253048765,4.376838089092941,4.209328907727362,4.019566999229038,3.8897466219856067,3.734077072123368,3.5946016213282905,3.473824410510885,3.377179336048568,3.2553215921542447,3.169198476203435,3.0744187968825454,2.9900502851059287,2.9181894463759104,2.8425452292372295,2.774437455492683,2.7232665975141503,2.652817554422299,2.5911499264682356,2.5427598190547256,2.491496197913372,2.4320521213273834,2.3905953517688676,2.3659838218213123,2.334873993852134,2.2703368890753435,2.2396324071188825,2.217032270147604,2.1675135667318166,2.157488104105054,2.116323940361998,2.102990808890208,2.0289032670257625,2.0385739335178297,1.997619753707364,1.990691300802338,1.9456741478140192,1.9356364476264851,1.8969952948683175,1.9015455563946075,1.85896463436635,1.8681142172752707,1.849847494827566,1.8257570729273556,1.792158821115553,1.7883673143537306,1.7754532169191615,1.756044618849814,1.7368724450331616,1.7524767770388627,1.7137369811557692,1.732887534185102,1.683277709281947,1.692510969386043,1.698391297874765,1.6837699204868934,1.6831594294125192,1.6626317906694492,1.6628953164759426,1.66027060363238,1.663493543010894,1.6485351954376422,1.6482967359048626,1.6303416853823798,1.628011669917069,1.6473924489205416,1.6381977964322616,1.6272142080535132,1.6396519022436433,1.6443523394370307,1.6444470676213743,1.650825863994262,1.6475528199620888,1.6466764044477817,1.6233946360305076,1.658769778301685,1.6366391208449433,1.6563947085275232,1.6653673842880337,1.6600880938825875,1.6575749757929241,1.6684419460947135,1.677932825418727,1.674206627560009,1.669390719865782,1.7090965283768729,1.6795556838300143,1.7169488187250914,1.7084384894866065,1.741961249088595,1.7351763937704512,1.7603735008837427,1.7580078710163547,1.7779127311441296,1.813758036833792,1.8161206881549465,1.8168155475096366,1.852335876328037,1.8782243727047505,1.8825114836272068,1.8929696143165038,1.9301762756902723,1.9430893448839475,1.9685684565186639,1.986203154058374,2.0039847590195845,2.03017112553908,2.075775708204989,2.0686957750049295,2.127376697109153,2.142800784570029,2.200103823616393,2.211146526227472,2.262812639308909,2.2866576228710054,2.336219333832681,2.3809138990795953,2.4132771098352364,2.4778753410831262,2.523169874193043,2.579081298630856,2.619708509491094,2.690786779809444,2.7462334760891642,2.8323883540277324,2.875403967004044,2.9763086465674307,3.070859784930822,3.139263042104544,3.2484900256593154,3.315475439622986,3.4334202820287203,3.5452062976281895,3.6885166195252697,3.7922682563096277,3.950551930159833,4.141753648505629,4.28339823708104,4.510705307540184,4.695661925217018,4.934097727913339,5.1484874819040325,5.477621421038216,5.755931245654073,6.176259942426684,6.644989894567206,7.090384185049131,7.683412774780352,8.267779085983847,9.153545875195151,9.904826911816368,10.493453640626445,10.841843956312486,11.199474899109477,11.511966804126525,11.732344859031256,11.996911488134856,12.204214116946945,12.387387102203373
2.0,-0.008158225116092693,2.0,12.770316735725501,12.975550442098358,13.096207424495862,13.226185377533119,13.33706250490924,13.440393515961288,13.52766719118017,13.62643905878863,13.692400101998917,13.76978827642755,8.856473743944878,8.150141277945462,7.452505841772347,6.9303787578252685,6.400445351442504,6.022986135042827,5.644746645495225,5.352524015070603,5.03777677938277,4.748659430685818,4.555227011968813,4.336482468864374,4.147501368985282,3.9769255087430486,3.835895981904603,3.6880599875018496,3.572352338761684,3.4412366139793082,3.344130727494562,3.2071879762123205,3.130976621657794,3.0278835357784812,2.955641110283141,2.8764413631331456,2.794949754137747,2.7206438684564476,2.6494595274479584,2.598491778391169,2.543992498421839,2.476059368275469,2.440807892056707,2.3910334162821014,2.359178963432103,2.309321243482609,2.2403107041357133,2.229576696938922,2.200062682239476,2.144007416568027,2.107395080712872,2.0669188538099434,2.0431642423326983,2.0081738986987197,1.9829492078136792,1.9547575229608156,1.9468673132089822,1.8964683545125325,1.866238966420518,1.8649747210085674,1.8412491352136615,1.8284018617720292,1.8040781980365093,1.782190396131013,1.7935194728335848,1.7574606083526136,1.7494236620281673,1.7235993953643634,1.7250053870026791,1.694129565108271,1.7141357304823706,1.684691453546803,1.6395656597895172,1.6484029106240599,1.6383042935481609,1.6243607818235757,1.6550186849418196,1.6257343879229282,1.6241447260203847,1.6027658714450073,1.6080370594858544,1.6073030006168163,1.5831871991254138,1.575653235948235,1.563970980329945,1.5861121748884603,1.5888381173869648,1.5703514066982316,1.5561778031275717,1.5734604697054815,1.5807983212586207,1.5690409900059872,1.5595421570964227,1.5467238245876407,1.560744822043747,1.5692099317058228,1.5845280927125156,1.5720598334286695,1.5967460230244337,1.573479009565055,1.583156855998359,1.5695085720819273,1.6044155125638393,1.5934823477956575,1.5961577295760738,1.6046442413250053,1.6148341635197974,1.6203703967823615,1.64671363545106,1.6509868341647993,1.634507909396308,1.6394732434007415,1.6524696646566164,1.662071932489898,1.685545579066128,1.7031649822228652,1.725991046499052,1.7496276567177176,1.7435923225183507,1.7678406602324799,1.7702426828397657,1.7721710193950324,1.8355181411041537,1.8208583705016113,1.8488876490823751,1.8453504452262555,1.8938704408874039,1.910082473313193,1.937952911700692,1.9723157170031915,1.9808467877369749,2.0331395138132096,2.043836059766416,2.073209085862058,2.099513583907111,2.1479774591716962,2.1819073246905245,2.2080322639463916,2.2758431103050856,2.3089154175238624,2.342871473035968,2.381531035619394,2.4440523039387814,2.4705896431091054,2.5327402387980085,2.6257512741702294,2.679966492952272,2.7270057582425733,2.7868519160687537,2.885112685891014,2.969326083732988,3.039440261672322,3.1553349927183714,3.243383400179695,3.353464879900165,3.4461684848679255,3.6100163186195737,3.72631816877796,3.868837583127963,4.0190154040688135,4.1933419061957835,4.402407765679475,4.609992602013646,4.881498825992632,5.104713487230035,5.395453702081258,5.70144189711889,6.094172037579423,6.480577005308201,10.705268168927251,10.6771405045713,10.618593775800209,10.541389398370503,10.50717939779378,10.43285719604127,10.355414616578052,10.277151316666183,10.202547848253655,10.090384119434132,9.97398834342776,9.870558539620982,4.269722480808271,4.267692679311395,4.266964435423401,4.267536638976437,9.23178301263549,9.083729551406732,8.895589673234712,8.718737014136899,8.539655659709668,8.356916772064071,8.131215997788516,7.9326282342159615,7.710797907479063,7.398029256154436,7.083516350887411,6.6341748544181325,6.180428622852924,5.854894405217247,5.474398543249292,5.218292960182095,4.923928139213295,4.715917632691231,4.516100554219814,4.314305923208558,4.1234991653209745,3.9336380786856777,3.8043795623517638,3.684233665225733,3.5589889195749778,3.446037970909896,3.333907844643814,3.242124146706713,3.1325671986805834,3.055334594850103,2.9590741383175323,2.9131998611486107,2.8137212633564506,2.743704999115459,2.6933840696422893,2.6410503760485255,2.577474868155546,2.5155186698436593,2.4750487172521116,2.435830517718669,2.3834933043040554,2.34541131657732,2.3109814957883477,2.258074842994554,2.2238445518412986,2.187293259824016,2.1693135409274573,2.115681945883466,2.0780884286636425,2.0574630152358364,2.032377932836286,2.022542772830569,1.98541178566979,1.9476579618922072,1.9337772314178268,1.9104205372748972,1.8878096866538008,1.8858558265199217,1.865883059902903,1.8214546608221247,1.8017540319424705,1.8097531097548736,1.8167996453835753,1.7705155319860353,1.7775584008084422,1.7680784776169942,1.73756843723386,1.752357998621764,1.7161497896905609,1.706814625195878,1.6973002722088677,1.7087837238004733,1.6938091248072622,1.6889293545370958,1.6734626987767223,1.6745208410308219,1.6604513164803185,1.659414226975012,1.657385934248668,1.6140873463223795,1.6414469906570097,1.6506446421144456,1.6442129011163045,1.6593842219259924,1.643720695195827,1.6541245260009543,1.6506294936673773,1.638749351894734,1.6300125139134989,1.6531692922369192,1.6268910155067846,1.648897073953378,1.6238697386378687,1.6595761248448164,1.6446966306961839,1.6446555385284962,1.6731256586116288,1.6486649899119021,1.673577807193043,1.6637030189465785,1.6952706170368594,1.6857801097727467,1.7010858205074413,1.6911051012584393,1.707425559974814,1.7186250106627947,1.739261007633218,1.7363006102403822,1.7439355763095776,1.772815771877147,1.766432053110577,1.7815142883259454,1.8090147901512663,1.8178370692893109,1.8258063668538416,1.8204433850778814,1.8709244351481495,1.8674237923043422,1.8985246825528819,1.9181067745458564,1.952703205161443,1.9597083887615587,2.006259871527136,2.022384358082091,2.0243435139466026,2.088020801862099,2.1153713044067626,2.1466456491215986,2.154010650124819,2.1932700420856746,2.200480250518468,2.2571824249052566,2.2954238398663054,2.334186184837388,2.391421285540541,2.438752798743852,2.4847444727540666,2.53359652871489,2.601096754808415,2.6565015140366053,2.71743716809427,2.770179022408602,2.842666787447892,2.9282475305485667,3.0041844050550957,3.0707364785421833,3.137476936074705,3.2756682859662196,3.343209833026257,3.49275100689232,3.5705471113780343,3.731703088856867,3.8602731926631946,4.016568042364227,4.1981196468694355,4.3546175752186,4.5733367271485985,4.764863689776901,5.044195532921451,5.255543474328801,5.617097457335649,5.900584884360361,6.317294865048313,6.805049063351135,7.270281587034475,7.9244197245528705,8.564323828309071,9.471204868454151,10.224679197844358,10.772821621271605,11.127741571116209,11.489609459266028,11.77738303891677,12.037279906673277,12.248196330522644,12.443616084367658,12.634377611402615
2.1,-0.0017021173343650402,2.0,13.032074206169638,13.190546540936948,13.368019280978148,13.45671024304596,13.58365573872054,13.685608441872569,13.767097347574262,13.858378525791547,13.922726058942061,9.716693688234173,8.874178651601325,8.018131304663621,7.459429864680423,6.833988744235324,6.325047077065397,5.9718894614343805,5.550785752881179,5.309703261607746,4.96874038248784,4.777198340002123,4.511404631427459,4.336703276744153,4.141753073475468,3.9706172283691727,3.827197046497467,3.6644583803587705,3.5389823144484747,3.413458825668493,3.3225751015803273,3.182854090481645,3.133785850945323,3.0117553571325364,2.9251575721566376,2.8739510442170717,2.77813282211146,2.7115223904992978,2.6425548393469014,2.6004895852213075,2.508721665430908,2.4833511996557984,2.4257358791632417,2.356268872975918,2.326467456289485,2.2771553662105264,2.2611620222174236,2.187695101074947,2.163340372981696,2.145118388070556,2.097089514274113,2.063998137286811,2.031294669252882,1.9742481410493617,1.9783874564299015,1.967361238447145,1.9074971893650448,1.9107359855974215,1.8746334441163657,1.8718555764316165,1.8366719283667585,1.811306658677853,1.8112185356920039,1.791584808233513,1.773416349970627,1.7487376632301201,1.7517723449817693,1.720897035531037,1.703018815900995,1.7034646565598976,1.6954623355997154,1.673420795404835,1.6667278484323842,1.6571185293869004,1.6502415405908268,1.6356333316588505,1.6168417065248069,1.6269274655739934,1.6211322780383304,1.6017366650641254,1.610880065619813,1.5975707883705064,1.5932821816323623,1.5542403745385178,1.5632620676828777,1.5883931349675104,1.5779007616509497,1.5881133254489808,1.5882521962318263,1.568038996560006,1.5671639885041913,1.5614060063549697,1.537737176188802,1.5625487200725205,1.5626133460763616,1.5908522298812935,1.5990599648427588,1.5881168046631695,1.5871677263629418,1.5815692233242833,1.5837605913400956,1.595791499630241,1.598908721540231,1.6111035163338336,1.596509213533914,1.6317923548657873,1.6115500024058755,1.6304625297083997,1.6271001012639195,1.6397775056733908,1.6511581073700812,1.6675365583365365,1.689195419393395,1.6857432805553616,1.717976388329742,1.7010830709092235,1.7269469943156306,1.7492948575095564,1.7480512612460337,1.7501717751896397,1.7734819227667054,1.7991707737773979,1.8035505458140495,1.8336206310730048,1.8613455908395782,1.879208798732865,1.9045909145179112,1.929887018181968,1.950999695597142,1.9545406274529333,1.9934233114912832,2.01204044451839,2.056838941615376,2.084055426185787,2.1172517945278146,2.1516524946775766,2.2033592355535925,2.2178383791899043,2.2764449176126735,2.2828811353187235,2.3526940287885214,2.4051767352026783,2.4567764223316777,2.509059406694479,2.5702739194964606,2.6166350842358725,2.6910697601808624,2.7540361436510774,2.8131309603180075,2.9018986646787486,2.977145860551768,3.0534092827434827,3.127936228170714,3.2500182758962564,3.353243837862428,3.481917868607435,3.575844190093874,3.7428676203981794,3.896596581984736,4.04445287592153,4.223250279794585,4.382813683749821,4.64011267574527,4.86020889229572,5.144463622815227,5.4011670398902,5.765995511521908,6.185883929481186,10.52834606263929,10.463277186727845,10.448724786251304,10.384767686361268,10.342022114015307,10.253260585911397,10.187660656362183,10.115508948924921,10.050944684288972,9.959868384702247,9.836447760588008,9.753612529657811,4.184237265723263,4.181255196566893,4.17955007712616,4.179119306634543,4.179962228453923,8.994447258067458,8.857818886116876,8.704068821733465,8.533725394905872,8.33653638748007,8.172093752117991,7.944235723865365,7.7148633460124465,7.471012530518739,7.191812424158714,6.948001523912719,6.531987450688204,6.176620698370671,5.7825840019168,5.478163845137003,5.167035821141306,4.901398337835243,4.698940532240223,4.475554047561189,4.271587152259418,4.086736760836913,3.9671452072492617,3.796861346089735,3.6855847461817364,3.53540537987409,3.454367732457011,3.3207678806792655,3.23017291658341,3.123422911612934,3.035830574019075,2.964463431549722,2.8704608288552684,2.8308879931767765,2.7405401236510536,2.6843572483268776,2.62660636449412,2.5842088124336655,2.512978305757834,2.445207781480056,2.4283221929356573,2.3760788632424634,2.346336310441377,2.3009945713111337,2.2280091796178,2.21182395610819,2.180121728314268,2.1420510472164844,2.12758877013046,2.0882798232965674,2.064913481803369,2.029267353361532,2.0137180442946607,1.9675545192950443,1.9457223499590819,1.9535595942971524,1.9138557419111928,1.9174190762177366,1.872608804356338,1.8711072817153096,1.8343239050334998,1.8144039062726112,1.796793271079188,1.8039238600039345,1.7796550916412193,1.7564913377762874,1.7679020562931076,1.7291882929639957,1.7303814340169967,1.7171168588689174,1.7465219270989198,1.7168927657322608,1.7209538874812425,1.700179741561131,1.6817092714213109,1.688573050188068,1.6554014181888785,1.6517492685579043,1.6379397368176227,1.6751660417679424,1.6753120012259959,1.6359919078944332,1.6467966885840024,1.6450824107593736,1.6608292271192282,1.6373673442924597,1.6337988179341074,1.64551191349994,1.6623735096825913,1.6376854351748245,1.6224139625893856,1.6549771511133329,1.6528121242755742,1.639212281749398,1.6372233791937847,1.6216443614578595,1.6442191374534842,1.6522778702208936,1.656887047250686,1.6775618681581903,1.6633722177349144,1.6916637536104504,1.689595823650891,1.7160278999752463,1.692769414075148,1.6946528563555507,1.705143965145708,1.720476523882955,1.7488426327975535,1.7459757661665962,1.7664546355369037,1.7649344897302925,1.7758521165465704,1.8130628136893012,1.8161410263213433,1.84745816098289,1.8717375926691757,1.8445626138174194,1.8789104698447396,1.8911339616081013,1.9258110578528729,1.9396710130312593,1.9843515174192716,1.9926984338868114,2.0119102128235733,2.041929376594441,2.081313397495361,2.102023544504734,2.1436294056443317,2.1680689994241367,2.204958949113814,2.2386947973237934,2.2844079059740325,2.332784452926982,2.3517854913386693,2.394826350668168,2.4353191558473095,2.4968791877620573,2.5311205566451083,2.587338072413288,2.662925680111635,2.7186589101580627,2.781192231654511,2.843032349796928,2.9296073255949313,2.996926137956501,3.080951089379469,3.198591292400664,3.2618068197290726,3.388968360383955,3.4922994561787664,3.5908247407172,3.735060904124337,3.893806255662157,4.034734207358308,4.195755872839949,4.380018970192372,4.5625066696685215,4.797450179655513,5.076713667715592,5.3203764427180875,5.667260766142851,5.969081335188203,6.377172647348352,6.817302453973707,7.3638522770721115,7.917995979747157,8.701074525969506,9.658109551638573,10.433612824902651,10.990696412982041,11.342435321733111,11.715044729221901,11.993163793589089,12.271939005977789,12.478336892353271,12.700533713648994,12.898299871718457
2.2,-0.002152374990435375,2.0,13.220425128345548,13.359379156967673,13.521536096876126,13.648429341795602,13.779446242513108,13.858136513442446,13.968553296588162,14.050020352024278,14.11620456977772,9.912887426196901,9.012630207696228,8.168665142461235,7.538754210912853,6.957607460954177,6.497020834388519,6.032125003613911,5.6354609443520145,5.345959914649244,5.046702143031363,4.814712947939818,4.548736434698025,4.372315741840715,4.154476235765841,4.020198462877376,3.8429944914842253,3.692013722571519,3.536467713589973,3.4448616178847282,3.34831996057238,3.216980432393867,3.136514372936476,3.053810581691752,2.956580101650259,2.8869181137877478,2.7983574634925317,2.709750812980457,2.6588650942533643,2.614084686025062,2.5267254915767023,2.451492877978884,2.4491321422874575,2.3854570582859655,2.3394065365171133,2.310901519290922,2.2604658539409095,2.2208015617261645,2.186024215288818,2.1149166383839124,2.099845846764153,2.0856238350820258,2.028382030089695,2.024381564388653,1.9786543806988381,1.959949178361096,1.9289647664195206,1.9150584202099197,1.8685763240972524,1.8491172926433097,1.8307733349888375,1.8073969586612748,1.788926393042472,1.7933901722798549,1.7771484704296932,1.7436655081081138,1.7464387662891292,1.7412171892146096,1.7122456090944922,1.6988833099498506,1.6823806298942632,1.6942497357083006,1.6623963785993143,1.6570531857491193,1.6406246192570368,1.649402551612317,1.628822344221969,1.618737804596922,1.631265701782521,1.5990024312646705,1.5942492599561262,1.6262354318870273,1.59654215927278,1.5811163099872518,1.6004218946794249,1.5686599324323045,1.5808644008243853,1.5680132265467857,1.5872619839091862,1.5740838385749778,1.5569996030602735,1.5720549550443004,1.5501519782383104,1.5471190120502574,1.5584110880013284,1.5729342036189409,1.5801848944605228,1.5688449789254801,1.5793434766641428,1.574195735989744,1.5855094685890716,1.5783735302227224,1.5922350378856471,1.5920063476982578,1.5837192577608896,1.6064883735383382,1.616017741534183,1.644781417056006,1.64645757837311,1.6496738501277286,1.6493682028187173,1.658708150618492,1.664998066647672,1.6762706454783391,1.7061232945886984,1.6967336400673585,1.730152102179995,1.7540438776768532,1.730415924205819,1.7497249995000106,1.7774930046916477,1.8088232792942924,1.8010816890227501,1.8013100072072583,1.833781568323386,1.8681672686741255,1.8848227526926828,1.9419830997869034,1.9344573857864067,1.9482248611509994,1.9893321189753828,2.022721601509173,2.0320416067964366,2.0799361050031426,2.093650324190633,2.129609460252204,2.1818790655153486,2.224389001843767,2.262167835592262,2.299324412846828,2.3301517596329466,2.374123298993331,2.451695263022341,2.5001462666924907,2.5241823673233914,2.5862057866586468,2.6524996506135796,2.7189392714560174,2.8007646916266196,2.9021155127575664,2.951886148532003,3.0492056555977514,3.1208273592070612,3.2448896889553214,3.358452603609996,3.4533722901081507,3.5612431036273646,3.7377890719413904,3.8472913087869083,4.009239782872574,4.2068422898012745,4.382197147516015,4.596048029278483,4.7921952707159665,5.086575688969904,5.3380278717080705,5.7100132276637146,6.093259864213553,10.318725499751997,10.279653307422631,10.255259209555781,10.184256257737744,10.13952244140208,10.07652848971044,9.992843760757273,9.905983337598537,9.825309070422243,9.751490160013539,9.668945895853085,9.578563186004798,9.451571293033428,4.102231845811938,4.099902294627378,4.098823688776809,4.098994383724986,8.858938889284051,8.717742230761608,8.540687103712184,8.384297137876937,8.203087289465875,8.047059685427744,7.852250054892911,7.642038473166618,7.405138253555236,7.145521387897574,6.887977152099967,6.56121308878956,6.240755813457359,5.820264859520282,5.549738951339051,5.212588578920142,4.986446875394305,4.721974290748841,4.500982029986064,4.323240915744844,4.113164794738247,4.008778925317572,3.8138179593493713,3.6929781963856017,3.5816721856047122,3.467023800848797,3.3382819878180525,3.2431575930606455,3.1448934746443555,3.067268683093891,2.981764849383892,2.8865049727765713,2.8419913627407998,2.765431613537322,2.6983824772844027,2.639296739758872,2.5830116604262665,2.5132570705808406,2.4798810340613713,2.4163468639075907,2.3741582096276406,2.334045603289341,2.2875023177534817,2.2642318823942755,2.228964738620091,2.1813962484068785,2.1372213468654535,2.110667444627106,2.1147806286554256,2.0485747158159398,2.045020868723934,1.9975440758473557,1.965539790084411,1.9726264250713546,1.93462054711289,1.9337817034498048,1.8847899082107695,1.8583208299467844,1.8558288318938099,1.8357597918288409,1.829191215740173,1.8252577123241072,1.787076458614795,1.7627158520758957,1.778713846492243,1.7520506380355296,1.7389344045736361,1.7503310355314485,1.7216120898823633,1.73678258224697,1.7061198071458048,1.7005701076310762,1.6759677685114347,1.67167620796771,1.6601745772143772,1.6494555557832418,1.640509964348857,1.6493654407908622,1.6589084886711618,1.6568977671049885,1.649856240252381,1.632421369302851,1.6321208623708983,1.6345556903137533,1.64579743611834,1.646031961744433,1.6508145987180831,1.6421852414447682,1.6364468816421047,1.6527665582423612,1.6271340931541718,1.621445585508725,1.621667588449043,1.6271946799848909,1.6359470209767146,1.626940445051044,1.6799227571408235,1.6657899107104128,1.6600016349363222,1.660703505500829,1.6498202419798371,1.6896250270206965,1.677006963662688,1.7034679748908177,1.6747130203729288,1.711184773357727,1.7247997370131969,1.7238673285591948,1.7492770169156155,1.7680573732690124,1.7943074436047572,1.78142638407989,1.8125381153116924,1.8334598172449743,1.856492581408736,1.81542862176694,1.8713760018693826,1.8852932352595633,1.9004741373141905,1.9238373950226364,1.9461895992971834,1.9513505256430945,1.964984130163525,2.012951763328277,2.026419394966441,2.0456754844029366,2.1057928046216428,2.1289170329355676,2.1549825700979945,2.1999520789311684,2.205533093279131,2.2440568450062144,2.308558482914488,2.340967484248117,2.3581526986265335,2.4276327465789103,2.481641492063121,2.5538559082253864,2.5827029317406383,2.633464015381184,2.693296259177388,2.7941351763659683,2.832851080896627,2.9273692917577896,3.011143343402946,3.065332751849005,3.164514134785051,3.2480682599204402,3.3441031247051907,3.45826019051128,3.576933794560705,3.7111780406022636,3.8466529344342923,4.02198098972295,4.143165960116666,4.362898853306642,4.5180801326548865,4.760503847611059,4.9791088647850135,5.258918466218113,5.614010589095718,5.897656880740307,6.320345669439702,6.71645830287372,7.272691669236751,7.782822097599379,8.557816638364145,9.338204285097488,10.410432337905837,11.06133410213204,11.443161322567182,11.849082986892146,12.136288560985621,12.370421670910693,12.596785644155663,12.849497794329862,13.07883187472414
2.3,-0.004395436490468536,2.0,13.42739742391835,13.569043711142628,13.759835183903869,13.843434853808795,13.956570365018575,14.08250424216355,14.162638409768869,14.264053179555953,14.301319997251888,9.902394611116785,9.035562951640413,8.146145202621694,7.532096260587168,6.927796536440931,6.482603136307781,6.04898713844689,5.692370686233125,5.3508954567492495,5.033560060244771,4.805582527334663,4.568584691638349,4.36789598475179,4.186789416399704,3.9893334527263624,3.827866561961824,3.6783119941081646,3.553838637657491,3.4514683264305335,3.3282985208147267,3.2262130630727803,3.1523639358730877,3.0470025580620272,2.9773555410126114,2.8586645281273872,2.7766205527152312,2.709246892135969,2.659142992556409,2.606669676148692,2.5442372884000166,2.4714396341293585,2.4472564097910183,2.3834031830273656,2.347514005433736,2.269241042740495,2.239856899398413,2.230532932901121,2.201677286007075,2.126549987560076,2.092763538408989,2.083622014084304,2.041448828931994,2.029580119300398,1.9817142033992,1.9906846312156052,1.9255834827430174,1.9182212369631941,1.885739619190642,1.8461738135493828,1.8305154092347853,1.8191600559964805,1.8005509372196562,1.7954585656003461,1.7755221140621413,1.749190043041304,1.7299030117155252,1.6927539065984427,1.7198546686946474,1.6950695863101526,1.7197067003711812,1.6817728192748043,1.6723200997118604,1.6717070086062737,1.6442907575883063,1.6410126413856252,1.6170959059403964,1.624727742821695,1.6166715670521734,1.5918996436341966,1.6232474990038106,1.5979639064407978,1.6110706492971631,1.5820295408941973,1.5713241640981497,1.5857242896205606,1.5835078411090127,1.5887927532886335,1.5878119279604765,1.5785568174957931,1.5549021945595587,1.5664621922514042,1.5618933198861462,1.5643821702320124,1.5760566390805881,1.5594306979988057,1.5945889775220405,1.5656339412647082,1.5829553994319763,1.5801569269233595,1.5705413052737285,1.6087990633358344,1.6000519374690323,1.6029535087538922,1.6154921821176795,1.6103004988469083,1.6305746558506038,1.6196647985139276,1.6281979688972654,1.6498282385262404,1.647720616592386,1.6579860039550938,1.670718687820692,1.6905252989793698,1.700706777775615,1.6860595349205754,1.7008588762608083,1.7451482062385246,1.726713484369332,1.7630987118160841,1.7775336469644185,1.8182277170606043,1.79404399634139,1.8330546265366514,1.8492502792658605,1.8631041511408686,1.8888804988394678,1.9132196306163045,1.9198663243847998,1.9500748049049879,1.9609399023124574,2.0147571819232013,2.0604281132962528,2.078863006891795,2.112746845197245,2.134073441810167,2.170803325733841,2.2245812296438814,2.2578476854758756,2.3016236891170623,2.330311340468612,2.3792891707594177,2.444177956758012,2.4734870019572153,2.5340096878371448,2.6107228494819075,2.656608943621509,2.736752820275869,2.8020894673387216,2.859391281010697,2.9492757381548476,3.0430124097747955,3.1368471043197252,3.2328791578126297,3.3291470276203228,3.4594821076173123,3.558059609196112,3.701725193159058,3.8615655434077887,3.998791076347935,4.198581871601784,4.370662037800491,4.610231823859514,4.795500682224822,5.073162695688651,5.343145638832863,5.71180938787477,6.034830389763903,10.11647511848099,10.0759564765212,10.036147801251328,9.969736726290005,9.904267023222337,9.86309873658498,9.807949886813216,9.719448856461202,9.649592239565074,9.540817837882434,9.430030447200295,9.37853691195844,9.276571630711492,4.021998401121529,4.019920098835886,4.019068017241515,4.01944085730584,8.666765079762332,8.535249672681413,8.340579063730951,8.222700153261169,8.05628492409688,7.878835269389517,7.701863679230528,7.50736548520888,7.288491748225921,7.081726379659641,6.824159462264326,6.57004019492581,6.2275383344046045,5.851651930451852,5.545851397500513,5.223270519439957,4.972125203229238,4.731632031108309,4.541327471435305,4.317852936895705,4.13943205117096,3.9632344594933966,3.812340370344265,3.6875698761883235,3.5385326108869255,3.4493460892197443,3.343906307447957,3.2613617858979995,3.1633292795098638,3.0571023422708183,2.9795211077078356,2.8982394037388857,2.8269405560841108,2.767655275953055,2.7048469626202114,2.6375784574162036,2.564820633988063,2.5031680431375642,2.489200732136922,2.427101886183418,2.380005867807598,2.327787065277631,2.308124415370329,2.252481269239299,2.203935701165283,2.1807834470113767,2.148513269175633,2.1038220341299074,2.0870326254391136,2.0636475145059516,2.0538456555693867,2.011193251323746,1.9616943948731127,1.9424216325072465,1.9474533969894736,1.9201584158589333,1.8936638557136292,1.8719990089014436,1.853991516476123,1.854059133138295,1.8176916418251363,1.808962995488028,1.8055919241803011,1.7694372615545255,1.7900463218869567,1.7754501608417788,1.7398726529667903,1.7663404226491068,1.731606972032594,1.7225484544517513,1.6952016242737933,1.7009166367290933,1.6933147062215015,1.6732179418671593,1.6676590059896477,1.6496029961670455,1.6594288892480011,1.6649920170194181,1.6518905584080297,1.6414648055964756,1.6380655726292412,1.6240064593372343,1.6385208530354778,1.6523965244731849,1.6406793194798779,1.6444171874802547,1.634903410655931,1.6367139775210167,1.6488996585528848,1.664228892560324,1.6230034638965358,1.6335312099473942,1.6420585376533787,1.6371058202091915,1.639037610234487,1.6349250230430992,1.6636011363259278,1.636860464626527,1.68146646638141,1.6501374401167155,1.6820370410005987,1.6772398523321244,1.6870733437947885,1.6888734998179293,1.7008718406054546,1.6983575689719799,1.7165906139489953,1.7425969923966795,1.7337386239144708,1.7561876101768519,1.7687382097274154,1.7762735880785103,1.8062179882676384,1.8130906714441113,1.8387141122184614,1.8405043418145717,1.8672012769917299,1.879605759477952,1.9088385771127803,1.9205576015350767,1.9497621332656287,1.9706425391768019,1.9756614452578563,2.016300522955095,2.0456086488334124,2.0642848197677517,2.0912922345005187,2.1345075302170624,2.159086260487317,2.2196319550677743,2.2396281652306245,2.2653383702583243,2.3205939465609418,2.337303354343757,2.3928388273880037,2.4394899846686062,2.467733543894618,2.558033754117355,2.585640337485809,2.633764288443462,2.694992922166125,2.7631332015893024,2.8501396817745954,2.9353423085662924,2.995542757355256,3.091011588816182,3.1334916698834134,3.2427257614629963,3.3681596929017004,3.4499270004687093,3.5710681367791066,3.6907824580316286,3.865695602643675,4.018533315917549,4.1615238535282835,4.3486319161571005,4.561796361635183,4.748494724283771,4.990599765180417,5.295075809403151,5.596873061050914,5.90629073075093,6.319443904059868,6.724095679655864,7.2626523728951256,7.79073539129055,8.562096864030268,9.312606319037027,10.423623220577861,11.18601789977248,11.581887489839083,12.00715756728503,12.269057779304788,12.596829354983088,12.813737723593412,13.054023986002766,13.24202628289326
2.4,-0.0027645087002042,2.0,13.547635193862464,13.754061941830697,13.930463977084111,14.023443820534306,14.163233725373148,14.258754340718019,14.366248826972416,14.449107458417673,14.518830903460994,10.313110572002524,9.180602327964923,8.286008042250833,7.657486902289485,7.025064669064805,6.544229227191943,6.087840526585481,5.77587867501598,5.403827015952903,5.084084503134457,4.84627253386335,4.595883711904459,4.386268544627695,4.190745083939904,4.050630730554382,3.8483464356998485,3.7330114719850505,3.588231645753505,3.463216207316323,3.36579778940379,3.235996178032715,3.149988847119637,3.0485349017811854,2.9832047658049174,2.877951009950025,2.8212827923748245,2.738638850306891,2.6484824531080853,2.612900676434614,2.55172381725396,2.491742182372761,2.442661407357929,2.397864883044967,2.338263494152791,2.2851104764379198,2.25962454138538,2.2261152199789302,2.2017523404195667,2.136588815004519,2.11115180088817,2.0739444965955594,2.069429927810637,2.030372313467816,2.0051661916191583,1.9579059431064518,1.943564809214534,1.939310652365822,1.902351865215639,1.8897141949284044,1.8669399090156293,1.8325990346771992,1.8018235553216047,1.8085091885272695,1.7836488758524183,1.759592632626157,1.746731922665198,1.7249257797266668,1.7113343063368374,1.7043932186468376,1.6931094743645463,1.6709127998869322,1.656127625361935,1.6584379837035736,1.6354775014220406,1.6500296283280065,1.6483956685548102,1.6397459292510357,1.641272881688334,1.600486609556748,1.5927771997546107,1.6078460188765018,1.6047155501003356,1.5862438952680316,1.5724812994880002,1.5810425367826415,1.5943779574953056,1.5744974403659013,1.5901639747338912,1.5600032864888378,1.5592375934460208,1.560955217567129,1.5634670241278736,1.5655320241401955,1.5645648384927942,1.560685777184374,1.579191773512592,1.5912076676539295,1.5849783248497251,1.5833416052536313,1.5891002488844497,1.5799133816145579,1.597284041021578,1.6021919812038752,1.6063355667525585,1.6061753867091666,1.6089938418672902,1.6247463182654645,1.6286585798169184,1.6250677869296275,1.6377346108923003,1.6684868010805474,1.6881907568395123,1.6816302255021183,1.685427937029735,1.7027106842738635,1.725334766964371,1.7144160896241234,1.7276870021511237,1.7634853287809757,1.7660083326118874,1.7750694780876268,1.8099392518152255,1.8096958251805326,1.8461966447164608,1.8661777280518455,1.8735013137773526,1.8823585541256453,1.933240362586755,1.9688709021039634,1.9700099412521597,1.9832337561360907,2.0554904575236677,2.04307368230558,2.1083213661631977,2.1464238216106635,2.1687075741502957,2.193590818133029,2.250181066839413,2.274101624461698,2.321411538582974,2.3641333321666766,2.4214321340985183,2.4708306263426123,2.5515966428577936,2.585524093931195,2.668990292152144,2.723870906024296,2.7772166753497696,2.86152119459838,2.9410307552490833,3.0120755235337646,3.1251360314651717,3.243855590910206,3.3234988368292835,3.43746433473893,3.559992940151452,3.6777974054213076,3.8119654571828083,4.002740162368514,4.137568644542813,4.3330504124294045,4.56047810317055,4.766756419082313,5.041236573757991,5.281707234157344,5.655989151405721,5.96516743931284,9.922851368454571,9.894052285821616,9.848431058807492,9.79853072427646,9.708671126337881,9.654894813018771,9.603653739640064,9.495890092405205,9.422700312501082,9.363109451046972,9.251410602273971,9.174096523677669,9.048280000249912,3.942879946242532,3.940389689885152,3.9391021584617847,3.939015388600756,8.507337749375012,8.353460653836255,8.221068598639803,8.060842450924381,7.918194512734925,7.7635003508205385,7.576283009289555,7.382544442715317,7.203689293454014,7.008272725718154,6.759210367682952,6.560618495570214,6.236248766200002,5.900250110221796,5.603268311640192,5.279087047593019,5.016465910320604,4.774376940943424,4.579447333059197,4.352673280194158,4.215330197408913,4.020225354310801,3.8699976517175405,3.7254566674003273,3.5647852400645514,3.500134515711372,3.3545241439129594,3.265119882779782,3.172461930848151,3.08014546755283,2.999991083706277,2.9384462687870845,2.8430898262127107,2.791593114153758,2.7162013772213784,2.6440246016616924,2.6049390310601126,2.537561763552822,2.4935966927181674,2.4400029103072276,2.361374826494535,2.367230149299818,2.3151644841203973,2.270175203493896,2.2404432767829987,2.1986057461712183,2.159764718585347,2.1364342588548864,2.105832712593236,2.050452646115761,2.057562294233312,2.0301294827716334,2.005308270508181,1.9610874511002585,1.934088002609345,1.9265078723066975,1.892924751738848,1.8860660033798948,1.8611040282078284,1.839320894511348,1.8393525882246924,1.816119947825048,1.8026956874954108,1.7788920161295778,1.7886944917108458,1.773123807713652,1.7254225773936638,1.7623327565976843,1.7272487379888604,1.705248791974319,1.70004020476179,1.7018219128878405,1.7022611145676367,1.6629502592822205,1.6770740550315177,1.6522148702168988,1.6626074647498577,1.6670246405565543,1.652158241405278,1.631073679301811,1.645458915368732,1.6423677327014048,1.634035194161504,1.658234385674538,1.6416254454135497,1.6295698073793303,1.6272553882271448,1.6338291639173963,1.6334268746380554,1.631564414851872,1.6280027200949385,1.6229220403731657,1.6551855462175986,1.6403139050039284,1.6250829684980683,1.6346703701190781,1.6776188690369627,1.6586778635380408,1.6678539100030998,1.6659290404425706,1.6819724891064234,1.6668962706952748,1.6897986230830504,1.6845679193146916,1.699371485016639,1.7128541720637462,1.7239222247418469,1.7467255982567857,1.7394739952677971,1.7597507458958206,1.776495137757833,1.7661746432602439,1.8038030144948662,1.8448481024011796,1.8277800186368445,1.840046445062974,1.8497536077222911,1.8898010768672409,1.9095262379103173,1.9197973987205625,1.9583865760717893,1.9565845847161634,1.9749945564322413,2.0076398773440935,2.0460747425818253,2.0415181968907867,2.0904090212451294,2.115603997666041,2.1655373233998296,2.1819628655458563,2.210396040446533,2.264876354743618,2.2896094741379334,2.335832192724014,2.3685889251435723,2.41283419949884,2.47311548179102,2.5208345158398724,2.5907912626528984,2.6287096501701064,2.7232000349835177,2.775000468493272,2.828573419668497,2.892421391249099,2.9362783790405547,3.0665595622832775,3.1485410825240376,3.248832432212831,3.342846917667275,3.424363249259385,3.5533568311088914,3.6836956313869758,3.809824004533939,3.987287536516941,4.137073223860011,4.340849665965925,4.494293207627787,4.724564140428979,4.935872742428555,5.2098169109430446,5.477707087887457,5.856298829559244,6.227381316718545,6.640757919698596,7.154032057052942,7.673373574922491,8.419136626267585,9.143216539801047,10.225680956085844,11.032973489783302,11.661842393668369,12.105060067725518,12.402273862569151,12.701348805415982,29.996230990022344,13.219370192753484,13.399729092357989
2.5,-0.004597240388659551,2.0,13.743740628637008,13.969684699939041,14.116221954942962,14.253119251148515,14.346762202391819,14.458836196400156,14.56920869629602,14.643325193901335,14.697109466360944,10.313153448860229,9.177801822949752,8.272215703879978,7.641772921334389,6.992203426285743,6.555548613574665,6.09907952637223,5.74976351887158,5.396267128975651,5.130101018180881,4.859195565389686,4.577837096611976,4.388856529716795,4.210558887611153,4.046701273397652,3.8523252572841167,3.733725569804589,3.591280022195805,3.481483812528015,3.3386433569943974,3.243874936593454,3.142922929167643,3.027157549789635,2.9599552324555156,2.8853659689773044,2.8182145997366512,2.739570381768574,2.6701912798768594,2.6081463523031494,2.527205458713807,2.484711294536045,2.427925204868395,2.4065056228326798,2.348974602690572,2.3131033677280017,2.27876345972008,2.2223897403539437,2.199263516329932,2.142311280615518,2.1279027968295,2.08341901381638,2.0407504515269927,2.038906353094411,1.9991985133592118,1.9549446027159063,1.9444071618501981,1.9191193482616506,1.8989320503467264,1.8510922519553832,1.8265196832088892,1.8242967682007265,1.8294685290316497,1.8217165141594955,1.773407610272367,1.7359990703293386,1.7411776681874738,1.7289436287874382,1.709512684171401,1.7002998631040411,1.7135684782680296,1.6823305067771694,1.6701193618626815,1.6606458863867475,1.6334949908716978,1.6461805903299076,1.6100596803827152,1.628533956531021,1.6134003730710456,1.6005216598434966,1.6087231761175733,1.6207846038568592,1.604187582644277,1.5958949523322459,1.5741558575540107,1.5888107722619695,1.5879795311613332,1.5756727255667966,1.5645976574272442,1.5474129165281443,1.5798938964924902,1.5711823008808514,1.5504961141935232,1.562644664225096,1.5648134516416135,1.5695335801161896,1.5706818777351348,1.5684954113746394,1.5889850825636116,1.576242364023173,1.5886308220245193,1.583399010558216,1.5740332001459914,1.6088971797229774,1.606736664776194,1.597527703272288,1.6092712607391713,1.6228406808006788,1.603629205162748,1.6399046264199593,1.6484979742476742,1.6531507665301985,1.6628594303153654,1.6868470030946001,1.6784397949778247,1.6974921768159368,1.7109573157962934,1.703834819212558,1.728877808406191,1.7629296514266766,1.7445243570826485,1.7725072768127046,1.786151340837382,1.8107474085059976,1.8535943947449098,1.866352409394468,1.8895974507810276,1.9143108421010402,1.9430986474031684,1.974405014622942,1.9737623416852166,2.0158280439332534,2.0333198205668497,2.0475563487125776,2.0771747809598677,2.0980047109252027,2.1577512177503855,2.200643501060933,2.2485724882100357,2.279430027847183,2.3464215140784654,2.3700611742273194,2.425262588533323,2.4737087070010335,2.5221828203493266,2.5820003139775913,2.6543382772663633,2.7050780269057846,2.7852198253457376,2.8500630072985706,2.9602911983376465,3.018720394007123,3.1153472616021807,3.207901162577591,3.299541682205876,3.422817426964272,3.529541251064458,3.6654205651621212,3.8083479139736705,3.9729446060753686,4.120151837641882,4.306045950778606,4.5209313379841625,4.759524946014134,5.007316861288366,5.283054763512152,5.618560177199824,9.75908621653811,9.724485101958171,9.688808428436447,9.605926642759362,9.612129172546359,9.512516865844404,9.438866891143816,9.365034028756689,9.311770678106786,9.22506600528608,9.153959011149903,9.062450516965153,8.981442536817626,8.866282015769167,3.8626066192044144,3.8603577510176286,3.8592868329629866,3.859392232176869,8.319833498101739,8.185466724443653,8.047421875048508,7.897907466314288,7.745734194337241,7.595055642790065,7.422551725677267,7.294955774650019,7.049330285214283,6.888694866365409,6.645371772023643,6.466451155337282,6.171786578238645,5.989091324117889,5.606124224837824,5.285065928210417,5.04927437622308,4.787642901935477,4.584622213354978,4.342970544734699,4.198243382615669,4.015969077675492,3.8716929907138193,3.7488725391628646,3.5972891446229034,3.4856088042178475,3.3678261449696363,3.283112404501808,3.1663639900028415,3.1073427567494716,3.008428193741288,2.9112485216939032,2.841984803020813,2.7694081018502668,2.7175727245165855,2.661477434892739,2.5945051759510687,2.5450487838947593,2.5105142722023164,2.4370451703136724,2.3899899805499953,2.3562214920105404,2.296666313717836,2.282746063818106,2.2067945696792823,2.1993710874389287,2.159744819510252,2.1292528640783,2.092428841059891,2.083267760574752,2.0431485068587545,2.0228748342510734,2.0099572887569557,1.9800062232109938,1.9592063168046994,1.9245342414872186,1.8910908540046436,1.8634533060544956,1.8672879045951887,1.8516392585621095,1.856892862540264,1.8353633399421834,1.80530147909408,1.8033256919699554,1.7817595018837156,1.7660465404412282,1.7570446272788376,1.733109910044368,1.7153321081758615,1.7112682026080623,1.7044941991409626,1.7084694458117924,1.6950895916010538,1.67446532949023,1.679280125445481,1.6870417216007905,1.6718963353645706,1.6562798556059968,1.6645982522563927,1.6422923226686628,1.6414784233732347,1.6323331732211444,1.6469475944087508,1.648793878899567,1.6330835509266308,1.6434458177981277,1.643511269672933,1.6474027827407132,1.6332949181208165,1.6321312673840316,1.632858256653033,1.6325522932786851,1.6412659265157423,1.6616311338582823,1.6391877919049624,1.6297861101666034,1.6567073982290914,1.6622655224652105,1.656653785449074,1.6603537677264355,1.6782873742871331,1.6818010429860093,1.7133561028334774,1.7096200748916368,1.6925090261107132,1.7305080554839223,1.7260812697025238,1.7465948439234509,1.7369493196954584,1.755642385441776,1.8123017122792326,1.7753790132143155,1.7954088630379277,1.8030469891174428,1.8568069259400688,1.8390923720336416,1.8645834469629379,1.870540004651573,1.8993553753763432,1.8928297251279067,1.9446811854286776,1.9754138742556497,1.9789007413334816,2.0326871481274695,2.047006296624048,2.037801226969166,2.0893525985277264,2.1177640086402687,2.165157908626803,2.1755275251220856,2.2374521531521077,2.254211288366479,2.289337017921593,2.3498837362779126,2.3928733021131308,2.4127660669618387,2.4771657189291822,2.533718612306333,2.584608006905215,2.6499088953629397,2.7121779054946984,2.7497981976375345,2.8012049948712474,2.918882598276316,2.965488803310735,3.0715220838191755,3.170045291344648,3.2155032267453665,3.3154560663454733,3.4234636188210383,3.581038913598972,3.6825622409025405,3.8286710239239854,3.962312285410898,4.136905251203522,4.340079367466313,4.489229283136831,4.717189260968094,4.950312675335055,5.221438183520659,5.4912851564631175,5.827472238770649,6.169499489717441,6.650851481143824,7.188069947553594,7.689313507312854,8.451190678580707,9.162455717801096,10.225747162571674,11.206225822325315,11.801256087124138,12.163949067706529,12.582732699312006,12.897631417923508,13.134360820572873,13.402410221739785,13.560602773160532
2.6,0.012228900879783016,2.0,13.925769890121613,14.12898701814038,14.250168817994997,14.429749140823207,14.561317994025634,14.670788511896301,14.75432241767396,14.827341144330632,14.893425490848855,10.509651309552071,9.355279244608665,8.537822299951612,7.7502522137429875,7.0711972606688,6.653448315844545,6.145188539182157,5.814290953275523,5.442337200941362,5.177415367136282,4.8771984038256635,4.648487120511845,4.445417711965795,4.225740501297785,4.0588218180591555,3.877693936653508,3.7618043099904774,3.5878159985382334,3.5041279688946023,3.3614073340759094,3.261289408781387,3.1415926698486274,3.0598933980980747,2.9762166018217555,2.8945348938029674,2.7987820818160554,2.7393669009321324,2.6964376302254824,2.6172341448693275,2.5502485072461663,2.5022371904210887,2.4496161243754506,2.403805443931831,2.3251127048027245,2.2992869229839044,2.2540347538120207,2.2068194685193556,2.1938882582528754,2.1756312640271824,2.113201759128968,2.080916082531145,2.0330712440574623,2.011601410425016,2.007529237672899,1.954483234745049,1.9145948473136414,1.9129292458024278,1.9124309828129895,1.9010914150575313,1.8574895150286486,1.8341231588652451,1.8174021110635907,1.784565993436205,1.8014336066064927,1.7663674140422956,1.724613291666919,1.7294534581445455,1.7279285487532068,1.7053532272838432,1.7020438331154644,1.6703168218008504,1.66016004518733,1.6653919666975847,1.661272907277229,1.625571360774812,1.646027689322734,1.610921555182553,1.595170459411559,1.5874786001495194,1.6021243127080311,1.6083564101916443,1.6181207869590073,1.575386282777836,1.5835837678842666,1.5740771082338265,1.5756095927241387,1.5789282744368147,1.5640181401197586,1.5563186772775892,1.574313143921148,1.5615890304208895,1.5612317166037695,1.5457032821189092,1.5655567571367992,1.549264903152131,1.5543214091985516,1.5678767482515266,1.5826976494095943,1.5761941060337792,1.5669262106890178,1.5719335866464477,1.5777548463607058,1.59453814144999,1.6023907780637563,1.6116866294160999,1.6020164960454846,1.6437752928252216,1.6201525697707413,1.6437045918232165,1.6325467494578634,1.6776878826197308,1.67351403168729,1.677228666435668,1.694630182507262,1.7203331740481624,1.7080324012835693,1.7181866010222453,1.7437887446356493,1.7280120958042096,1.7643292871906902,1.7812824275426506,1.815335253271129,1.8259746242330022,1.8389965279801375,1.8636764700590607,1.8663222122684002,1.888583851664116,1.9304621170074836,1.9486966868361673,1.9750127180674797,1.999549875145154,2.043626965106336,2.060534111803155,2.1139616596277477,2.122002790864145,2.1659767084436976,2.188118431501703,2.247286794396736,2.2976072369083322,2.3256023581127128,2.3495746990221478,2.408664527243611,2.464132731887481,2.5070726970221964,2.577637173841564,2.6299840530066474,2.706229050965071,2.7719387052494726,2.84462977223755,2.9114583370040297,2.997142455136783,3.1048297921467976,3.1836929013866895,3.292749453766471,3.389535034217892,3.5189969387626077,3.6791903684826526,3.7624099791377703,3.9388338246318932,4.096637726597903,4.2839264688848395,4.475973101667651,4.698458249896672,4.940288453125917,5.196515550437144,5.563661717726249,9.558844741468342,9.516447777155221,9.482426124725116,9.40298576668168,9.366429912113462,9.312269936328233,9.286275898478412,9.182279889314025,9.110263413105002,9.029079788891437,8.9681407668225,8.893282803811397,8.770896012318596,8.707473053510466,3.782450536972261,3.780399459331029,3.77950168559199,3.779755847001206,3.781162330976249,8.011674936149168,7.895972969319697,7.750999072236592,7.628353345960407,7.4551327579748525,7.301061304287152,7.139664578710189,6.952101881826197,6.755156059299161,6.582259940433995,6.4019418535204435,6.182885838834089,5.978351602803138,5.657112098316327,5.330353768245571,5.091599361221541,4.813862569746615,4.621389835165388,4.391297360140477,4.232129187877746,4.050047246301319,3.9216879193519443,3.767927035461621,3.6295870018357967,3.5155011543245163,3.3934391934129877,3.2957496809131825,3.1464594250406543,3.0977727916746374,3.0040973664052326,2.940829434731918,2.86577775783027,2.793089347203413,2.755634399700591,2.6759474014244113,2.6396605252303114,2.560907298979724,2.4973750705892024,2.4527512558408766,2.4226123583065826,2.3621474524294523,2.320270861061844,2.287894186971757,2.2527090005713504,2.1992258984643063,2.186606934160793,2.155102573345987,2.109356755767596,2.094021313637246,2.0509306138961363,2.0228572198793415,1.9975735810834403,1.9663465006822776,1.9626458506063973,1.9487175033127353,1.9118633645934806,1.9045038774975567,1.8923072104131202,1.8514251976958294,1.8577964919388605,1.8282440473921198,1.8020829586059945,1.801582687574965,1.768227991681487,1.7721619321421613,1.748490539790618,1.7376272374466384,1.7252322718298858,1.7209192485051743,1.713489538923155,1.6972493718281685,1.6937416011625794,1.667773314170102,1.6839192201386455,1.6886714698469714,1.6743328347943252,1.6575129504045318,1.6509436801527941,1.675542290734446,1.6358250483354346,1.632957381270845,1.6471591215920292,1.6505971393149677,1.6375267905277313,1.651089088749868,1.6428022435038114,1.6584671624809126,1.6399917392443608,1.647971268587518,1.6404633434229905,1.6462751320541469,1.6310421472122487,1.622679053195914,1.6340259607477046,1.6508864857278505,1.662904377335491,1.6607368129274984,1.6652188026867567,1.665632854599782,1.6767568671694393,1.683330240630381,1.6692001171696933,1.7065709991465547,1.7214985454541134,1.7312238669837883,1.6965900160505785,1.7553039569613236,1.7333090538393425,1.7682410173698664,1.7715303594864413,1.7772068651237622,1.7898123794265717,1.8216758939465254,1.8347745018205563,1.829294788934108,1.8623696286733553,1.8827175851171918,1.8933027618383786,1.9289684210261075,1.9382324320201139,1.9636545385170692,1.9694044648801357,2.0147440120496927,2.047137769336893,2.0671212796149794,2.067834423882702,2.0936613969732343,2.141005396643979,2.193472534640361,2.234451651875417,2.2631282037309295,2.3091611669289853,2.357303061768018,2.377022973054672,2.4010509650835044,2.464040165973305,2.5214338242262637,2.581501136479329,2.6377826565694136,2.6830530287647023,2.751870889669146,2.831866522312112,2.895549698625062,2.962658061476074,3.0388578354470166,3.1146818380181327,3.2252739179757124,3.330749772847154,3.4085116450881614,3.5535348345085915,3.6579761658534795,3.7964032960554053,3.9398498915507236,4.102910544861093,4.251067587717475,4.467802664091044,4.709705451902585,4.894471977776267,5.183767653706381,5.43032569534792,5.78068773144314,6.12914818955683,6.560031470317742,6.998100088249667,7.5909826329689265,8.306913344972966,9.018395815098286,10.062918255980664,11.117398405490857,11.845286758877798,12.280196518712064,12.705169499894685,12.976152063357764,13.30277989042475,13.581645147501007,13.781963836879454
2.7,0.0035587483953971443,2.0,14.15726415135967,14.360905910896646,14.50941108548092,14.650758168095296,14.773433262950443,14.89208724118001,15.016066808788066,15.054452887505045,15.118740199078237,10.286232774478885,9.161484152698195,8.266190613239099,7.630725856956496,6.989139573127746,6.573339515105284,6.087069874764753,5.74513648002339,5.387525846321296,5.108562976679788,4.857478312388758,4.5810914552817685,4.4019452509031245,4.179706528535511,4.019436347434604,3.8559290138303877,3.708929814059302,3.5869244908111093,3.4772551805139367,3.333192331898334,3.241500994183569,3.169369626055189,3.0434879646721753,2.961808384701171,2.8959610031433174,2.8042341413880023,2.7360581633391408,2.6690391331057364,2.6023830458646127,2.545341687314253,2.482533656963674,2.432286247111849,2.3756362005855927,2.34800247280414,2.306541192048992,2.260274068018351,2.210470155426578,2.184569851292617,2.136227220459736,2.1031849101145115,2.0938492127820143,2.041288705336127,2.024648739601079,1.9681273258071725,1.9703235841365931,1.9369966212241856,1.9228517486051322,1.8773475786210463,1.8578997606101957,1.8361164365563492,1.8360879977791624,1.7893481242916263,1.7747356864618544,1.7772608279552982,1.7573860170151465,1.7417597017117117,1.7227138100921118,1.7175811732196522,1.6892757389777189,1.6577844540427844,1.6890616125104714,1.6598178878283512,1.657257935617274,1.6471462040974367,1.6423876392032792,1.61906843338443,1.624632294757629,1.6153229810976097,1.6085401690042975,1.599404498263272,1.594005332862717,1.5694980939416976,1.5787709696756362,1.5821220305492831,1.5944024122088705,1.5873183253730103,1.5503590550866426,1.5582730007044054,1.5607450985152087,1.5588464951712937,1.5924933870522318,1.5364930934486443,1.5506044909450094,1.550987688044449,1.5654312766797291,1.5558223543666072,1.55099590094846,1.5788459498571203,1.5867061421141546,1.5858048515284282,1.5794245392450497,1.604928353947394,1.6115048514759878,1.58480094617445,1.605278993968884,1.6027713938593198,1.6377485064972306,1.6237517921154319,1.6425070225789,1.6302227828730391,1.658660172184,1.6405214899238898,1.6752876580656046,1.6676971343706357,1.6933064090211016,1.6809137736491164,1.7295001904144351,1.7443355378109668,1.7737524158055733,1.7648607287293487,1.7879861017325052,1.80528665415155,1.839614319629706,1.8396861259909811,1.8574768057972058,1.8837811343900948,1.885551785477841,1.9160398093440407,1.9368301776841348,1.9831806363775548,2.004731840330171,2.057411222789112,2.071254039263101,2.096832540656374,2.1174778048575407,2.159572714368024,2.176428230375056,2.2653410095469204,2.275928301605793,2.3290623613577672,2.3827125937488285,2.4196865638103975,2.4748119001333966,2.528878203481094,2.5762417598065706,2.648351750314549,2.709319502938718,2.774320058646173,2.8405148813977616,2.9513447182405277,2.996227090420624,3.1120660828392928,3.206149989468475,3.3006584765637283,3.418150417709925,3.5672863816173366,3.676115398854534,3.8050714818214746,3.959939915150129,4.1182976799316675,4.32592072745857,4.49269139067577,4.750283705947223,5.029504028469811,5.307281657007254,9.407892613959586,9.337394045711887,9.296581447653212,9.271405815006572,9.22074967583285,9.155941917773024,9.0981894676707,9.048232447739966,8.970546735823119,8.90273211818636,8.807967333789405,8.74461024990369,8.647415379670583,8.552950233061319,8.490366012731574,3.702056262769469,3.7002170070504303,3.6995063465349074,3.699923197826768,3.701468196351809,7.796019358636971,7.684399312936342,7.552907136209884,7.420164381868954,7.247275359107358,7.127677942850934,6.96151083242359,6.769221174409619,6.613906509270929,6.424182357615155,6.214881012294822,6.022944015067387,5.834900943153032,5.6100428260365485,5.294609592438968,5.049224885248708,4.7684090307444995,4.5816794984559435,4.360223808912431,4.207784645048036,4.03647774167245,3.8749761745498548,3.7360255600524908,3.6087054828164242,3.5072681992823673,3.3716995718651988,3.2935090546012495,3.1737018843888776,3.105547636872301,2.9918810567278133,2.950394425987067,2.839620070298097,2.7848126980558,2.7103732600507597,2.6731113993997475,2.6013497415667577,2.524703070197175,2.512480836452495,2.450988473494495,2.407866672824576,2.363826166226294,2.320971960484851,2.287530825758575,2.243782980203251,2.2197872314599465,2.1412053644239264,2.1315488067121007,2.079347705094479,2.0915687842667583,2.0459673155128244,2.028818968203003,1.992839731206947,1.9818318935003219,1.9402506449659858,1.917730300834129,1.9160495986969908,1.9222160103512407,1.8908689600114774,1.8724450766175975,1.8352418093154002,1.818877271337858,1.8091840960852685,1.7895455618900564,1.78203914306047,1.746185617367562,1.7593024364013934,1.746511568908103,1.7336144648444285,1.7235592986979127,1.700527128778381,1.7058827762151374,1.686277586802892,1.6765719744443168,1.689252828106488,1.6709726224117822,1.6653463661403478,1.6440835453392961,1.6687659619136028,1.680912953438843,1.6300530297040012,1.6393295923330398,1.6187726529486133,1.6501313484822786,1.6272551802409732,1.6411346991876414,1.6581147054401568,1.6500963550623153,1.6553206223840977,1.6284262541200245,1.657337940668572,1.6348952900329645,1.6322856263206358,1.644894937802308,1.6419967448388908,1.66531311369717,1.6513075369130645,1.657815799273261,1.6683860300214957,1.695923551385944,1.66919776470852,1.6807353724282308,1.6926247692506258,1.718365785988896,1.6919312852507826,1.7176793697233548,1.7316966500423274,1.7376002277821403,1.7559168056712213,1.7570311241675558,1.7813971255220327,1.7902541548506816,1.8149146194854473,1.8182090849331163,1.8304324327136599,1.8269340190486307,1.8527851276990062,1.8665209350104173,1.905077402750634,1.939360838516947,1.9517638820208805,1.9549288706522974,2.0038557766358887,2.004680344689663,2.049608321301933,2.0596798776981546,2.086938311853291,2.1177455684116304,2.145878641999373,2.1872836835643508,2.22050862378197,2.2594034007937718,2.2785091241601245,2.3332438580967736,2.387021217035319,2.397261878482116,2.469104841307265,2.5308417861417527,2.5829573224092095,2.658435593728507,2.700115478086271,2.7871850697958354,2.8207050548623602,2.8931083412654197,2.991775432649199,3.0596227644420115,3.148568644288384,3.236836025871395,3.3699156044042495,3.453984512044959,3.57150256548156,3.6898933504832128,3.817654606102283,3.952671281221848,4.121214054115011,4.324764926421559,4.49771668564317,4.728509858037703,4.958349462481173,5.236492500480894,5.500807776551101,5.846579493489564,6.169763982569272,6.661632876379608,7.180127512876064,7.699630973149172,8.453724032607298,9.17289973669499,10.272885624447454,11.36497761467456,12.0908630313867,12.542779333209873,12.940951102080252,13.27740132288711,13.530365602851347,13.789983329628615,13.977193529699143
2.8,-0.0024232992181484974,2.0,14.397345309433629,14.593535178500654,14.742868266911604,14.869665509599685,15.009158655082175,15.099510238418727,15.216474235536328,15.27732826689639,11.238314417934353,9.867767111072457,9.004277489826615,8.131292919800273,7.516765169725677,6.901970510476837,6.455521111458617,6.027744570098613,5.601169399134688,5.315451223981436,5.032712578296822,4.803212210823277,4.535256434942635,4.362082471917301,4.15289991019804,3.990223452646588,3.8170286292868947,3.6915010223183913,3.567739239465312,3.4470964545053344,3.333265153822711,3.1963686113750387,3.1202637204840498,3.0371653702152055,2.940024341520085,2.8694320604313037,2.756919139083852,2.728343425437385,2.643731670036682,2.601672035919916,2.526765511816141,2.4739101382293316,2.4149463355386795,2.394101769677199,2.339880169017129,2.271558990870616,2.2267232991941768,2.201135556238294,2.1524556623929882,2.132308085169322,2.0707712315521207,2.0716071475646016,2.04348605226207,2.012095345070527,1.9642319125696273,1.9446404837505136,1.929833954244909,1.8941548216765982,1.8914637053193748,1.8704069449726446,1.846149859516278,1.819649806339894,1.8034059668279476,1.771908423407618,1.7631420405593035,1.7352949932157513,1.731690192706085,1.691902753971274,1.7155108272649213,1.7045442157828796,1.6719573179902167,1.6798721803136818,1.664115209099209,1.6512953507837052,1.6187291483427664,1.6324790338558348,1.603842851166172,1.6230015417135826,1.6100725908609543,1.596486644366392,1.6106705965471761,1.5953912390508398,1.5633941857105635,1.5837195567424645,1.580075605603786,1.5877412340426542,1.5905409050328756,1.5483225737957491,1.5627413913288621,1.542177534716527,1.5473991619842755,1.566898047511755,1.5689571491202463,1.5548803726011726,1.5463619334091108,1.5587428810062287,1.5669935212373627,1.5681374940543242,1.5862044069313732,1.5830852688335888,1.5902719854511869,1.5868794010144909,1.581360729102874,1.5989759571722983,1.6110577437114824,1.5889419551011161,1.6007731590369367,1.6254586402970037,1.6086450452749637,1.630682060436572,1.6511144904363126,1.6801764008148101,1.6430442522427753,1.6742698244196283,1.6801531631694642,1.7014799113678203,1.7088319717638831,1.7143757355019813,1.7304673346857637,1.7376527979066383,1.7490166611963127,1.7888051914623129,1.810495498265111,1.8278981446852272,1.857958128812538,1.8540247114067243,1.8739509570741568,1.8940863648923785,1.9521184033364989,1.9587251138935018,1.9917436635993946,1.9997154433558524,2.053974990810652,2.082295367389488,2.099901684874986,2.1582791701269235,2.1798026773306813,2.2133140983904673,2.2511778394387596,2.2810022238993315,2.350616752283774,2.383607316889559,2.446920009498097,2.4768999907567615,2.5355102641918856,2.573256089605031,2.6725221916021984,2.707645467971248,2.7981280496548893,2.881699092914016,2.942436969773523,3.0341937249700806,3.1094340868675894,3.2281246315568413,3.314954333090417,3.439788473278081,3.55701891705936,3.693659010291191,3.81199206819546,3.9964714551377503,4.18639964753087,4.356683836188209,4.574835793755102,4.794824042245762,5.058403253034269,9.216587731484097,9.155343937877804,9.131343625134432,9.084184493455448,9.028984798214404,8.98697197013337,8.91563446653655,8.878954423029032,8.82097516208481,8.736897267986235,8.656698116817372,8.585923847334227,8.49763830324176,8.40799164746414,8.336650655892294,8.235350784703831,3.6201417962646385,3.6194297421579895,3.619820797444513,3.621315558225554,3.6239163044506117,7.601668401360406,7.458557145209394,7.341075157361931,7.1928332938420825,7.054783369468879,6.904104598739289,6.793329505219065,6.574911232369484,6.411546323041523,6.294124705920222,6.081204559590212,5.899497436608588,5.727918622451883,5.480465146613514,5.270914235642041,4.992110479620594,4.746243838144965,4.497307808231908,4.353099287435596,4.135599448759836,4.008850076035607,3.8383375382942773,3.728396722936125,3.5727741526012133,3.471337729021438,3.3683004799498626,3.23451757762397,3.1522887682932677,3.051778920887778,3.004558972052194,2.908031675440243,2.833335436724624,2.7593394985586057,2.721898197866129,2.635009218552638,2.589633533495534,2.5446401443846782,2.492074167300162,2.442173228118731,2.3885596302369287,2.3482988888861773,2.3144230651106805,2.2589119465020233,2.2178991653512456,2.19726725531352,2.158811355735843,2.1270929625237875,2.0981887050490307,2.0560272158382675,2.050619528808215,2.027231987202468,1.9917358880059304,1.9601798785961853,1.9341721424535516,1.9196576638563445,1.8914725848167133,1.8887630729001126,1.8606487968239884,1.857068021848384,1.8535136600994984,1.8284899096398821,1.7930593830605122,1.780171171744329,1.785056325795972,1.7546481740118725,1.7588938813358506,1.732451042668225,1.702208869193816,1.7209930413579613,1.7134691942772304,1.6993671956408403,1.7022248389095826,1.681866763423205,1.6672898551024555,1.680059344677798,1.652431500223026,1.6653707847585133,1.6587938477117707,1.6590900388190517,1.6442299886919474,1.6322962314477076,1.63778712824725,1.6475893517548286,1.639036911717227,1.6398621955708936,1.6341388433265789,1.643531683135268,1.6376679398671041,1.6656596268676616,1.6453120888273116,1.6444763358555323,1.6368280736077316,1.6388489186008512,1.6243661366398734,1.6781711560818489,1.6606105460077194,1.669646568133396,1.6612102931354265,1.6866474976759103,1.6762959172031517,1.702480101384748,1.7022686059005385,1.7179102489209654,1.718663768448988,1.710916859583994,1.7132878970215009,1.7358675113276083,1.743724979561608,1.7794944831667134,1.7746584278396296,1.8081647986628597,1.8057409252039895,1.825549710466427,1.8383119070651897,1.8633924091934175,1.884265567809662,1.899212711151157,1.902478176439506,1.9125555198272843,1.9485934877396038,1.9731916054160543,1.9831377048260879,2.030325316585729,2.054244387450035,2.0874040832764806,2.1045791775106375,2.1364247648684778,2.1602862843669652,2.2069137692207406,2.2368850854530002,2.2647782710105813,2.2947539523486253,2.361054918758654,2.4157576194122683,2.4336941397003042,2.475349801362213,2.5281737813947402,2.6062278254365894,2.6549047842837563,2.7146762723237203,2.7864939324109734,2.8680333258319863,2.897687120016809,3.0141187941262495,3.0790396483851246,3.1727151069144943,3.2605624057121365,3.374593652929932,3.4787484826317394,3.5960933293007367,3.7535904919966203,3.8545305721319543,4.011223207264725,4.1761006713311515,4.366592029815131,4.552741773355959,4.779942114726479,4.991236639901237,5.288276342171092,5.603370077598971,5.915426726123996,6.313534896901464,6.7428944557450485,7.263500896031411,7.812552747114683,8.584208073329751,9.349501587377192,10.46615479668653,11.74442826823088,12.329033798825607,12.812521730055503,13.155352364097244,13.492504175867815,13.77557771615547,14.02394854546264,14.223995769452666
2.9,-0.0060982497989388925,2.0,14.574551227504427,14.799082273399446,14.946742159894129,15.072384904203155,15.18652262847907,15.290515683363534,15.429795934192136,15.490187236933501,11.18801032009358,10.084835833979009,9.000417184161796,8.263273281526669,7.510356808811589,7.0037161025707935,6.463067057482677,6.005020743105297,5.683254681761285,5.32121798368867,5.062758454679084,4.771841818771179,4.561186079764451,4.352980737062996,4.191453866696476,3.994915020197049,3.820400810832819,3.7019328003786263,3.5484365065669814,3.4308047208227066,3.3174497667032328,3.217911513853015,3.104705769735911,3.038958460510938,2.9534788077350096,2.880067745106117,2.7917981626811827,2.7183743261094633,2.664173579368227,2.579268896500351,2.536187765828884,2.4910389512813667,2.4199691897275746,2.3762593762204958,2.312314011538134,2.2746358071026043,2.240607126263315,2.2122561110047574,2.168334948732937,2.136477199569719,2.0964771697649707,2.0854572206583586,2.043089485110577,1.987312731295329,2.004249310829617,1.9564770577993422,1.9391098223670782,1.8951309861733958,1.8838794166305972,1.8666268081045148,1.85208872073438,1.8149530147134634,1.8182445824556444,1.79458766834458,1.7592491536271369,1.7619185455360473,1.7351732946103147,1.7221312487908407,1.7108173852020268,1.681560163322266,1.683639260580178,1.661431686315844,1.656821203646976,1.664436289656441,1.6448598692631273,1.642759893783289,1.6098015270852426,1.6291620178668336,1.6289391006165952,1.592471144663693,1.609545719727605,1.6034629100631517,1.5793783641617527,1.5606375192386945,1.6041521225536877,1.5732451824827411,1.5661115702381938,1.5528106636469419,1.573001500382451,1.5588932631653976,1.552711207960617,1.57153378585425,1.5672965292945593,1.5902821743785271,1.5515297022102645,1.570994604218533,1.5759876587670842,1.5414874248320398,1.58966524613162,1.5723264408770918,1.5968211602643605,1.5953531838506194,1.583530545122731,1.5921325660635846,1.606128433269086,1.5977333698655094,1.5952828923151166,1.6245524172530639,1.6132331701198082,1.637250136722354,1.6463098950135453,1.638583781295704,1.6464209109600128,1.7040629484050178,1.6871233966939745,1.7131878848756275,1.699574491552794,1.7073849517930932,1.7394919189784814,1.754077119434369,1.7494869357209288,1.7806942737121731,1.7922203416503153,1.8144360069561154,1.8625865567785007,1.8659634786348815,1.8922700695471766,1.887904881937706,1.9200334203570606,1.9523833740958867,1.9732487083033927,1.9990161473712122,2.0253895774482302,2.0718529280040467,2.099357455537201,2.142771538077742,2.1583276582528783,2.194966303102504,2.2308212316789016,2.290509936349625,2.3285476103600824,2.40520228458498,2.4410136225518384,2.470113618312345,2.5210063709338977,2.5991880005566776,2.6250624788984127,2.739151581329195,2.784534245695383,2.853828455474185,2.93980099290961,3.010306394524855,3.1289322248991587,3.211459865397987,3.337035753225995,3.4082210359051457,3.5538957050391957,3.6971580883519675,3.8109702996164345,3.9955901085899197,4.143682564431574,4.355886904201287,4.537173010113726,4.77460070963232,5.012613255675646,9.005431470798188,8.948604766834974,8.908355665107454,8.906869065205369,8.82265109536088,8.759438868790696,8.729000565310196,8.658064854863394,8.609420208397909,8.502946569593304,8.452576557627102,8.403869583577912,8.295556223058977,8.23812302117001,8.132557721896175,8.039902186069673,3.5393142623689493,3.539045738322569,3.539855852203921,3.541745839100356,3.5447185830966608,7.432304151910519,7.279527047726061,7.173517448063318,7.008660371819984,6.907170563057941,6.776420898898343,6.636749107131237,6.4757761243190055,6.3165945808704,6.145616805942972,5.998795505506666,5.802613313057043,5.65572179593398,5.419712621261852,5.239310120724202,5.013185219079094,4.752092767996769,4.528164093744128,4.34365123946832,4.205273167530797,3.9972453367627727,3.854090443642834,3.733339081303977,3.594734518909729,3.4825690489417016,3.3517282135347704,3.265540022431719,3.15946206772805,3.0800812194860177,3.0014108656811707,2.9284616146099354,2.836937052599423,2.792736322386815,2.711492701258728,2.6353139652336086,2.6016333538283263,2.526407886365361,2.5014343023299848,2.43343126057639,2.3987908342021624,2.3627328280731685,2.342501179754924,2.2914911558943296,2.244308134738859,2.195638567847378,2.160697926868862,2.1372978028966325,2.0956052129258707,2.082912349860329,2.047051348225871,2.0081755741235887,1.999972722528393,1.963200152377977,1.9549444196939396,1.912875244475181,1.9060322528830544,1.8937199578391022,1.871298454816544,1.8661321944835854,1.8396424968315874,1.831930883420217,1.785607074001802,1.7975526264995207,1.7950840156768384,1.755009124475883,1.7610579054874584,1.7374879442524553,1.743012238482789,1.7112886581158322,1.726450315691705,1.6928609390731355,1.6789236863692358,1.6733670163974512,1.6815431932176872,1.6878795914028175,1.6413585130989206,1.6569371086026938,1.6822638933558816,1.6626170071055424,1.6467331821123523,1.631296778116149,1.621114186586784,1.6562922925670691,1.630916513107826,1.6544998360197916,1.6349302188628607,1.6382497173758657,1.6297620868605158,1.628294712332291,1.6379497085078978,1.6524556483347603,1.6511716326281562,1.6540290723385,1.651566935199349,1.6779885076181855,1.6709879262130094,1.6604317728277251,1.6553006886485255,1.6881542294602292,1.6847252560545165,1.6789506089455857,1.7097905225022916,1.704017059806513,1.7228841059341826,1.715916265248056,1.7382211062400288,1.7480719440270265,1.762629456854359,1.7870791149991407,1.7905611261631507,1.7938396148396833,1.8060578732093255,1.8097470055263964,1.8357466476248876,1.8740734736524014,1.8981846972766703,1.8742692220573576,1.9020925617333475,1.9148566503499904,1.9468672693879423,1.9777086947832196,1.9845305539304363,2.0131500120895733,2.0508352804132466,2.0850536998267444,2.0928627550996866,2.1421170284349005,2.1527893779098832,2.189858837540296,2.2370741462522794,2.2900840203313266,2.298107183481246,2.327775210342112,2.4006078076494757,2.4402263800680593,2.503774318197629,2.547358499534062,2.605513648367557,2.635471856320557,2.705919972344961,2.7947206736448633,2.849656728862195,2.9084336068702514,2.9820422697448206,3.078799630172668,3.160378246735935,3.25576997699331,3.3633171210186017,3.4847683323285374,3.606409024005886,3.722089132407372,3.8573834248220242,4.011402897511487,4.194844433717994,4.334109525605716,4.543092352572906,4.726686415035896,5.000239172931896,5.2787640092695165,5.564017083594226,5.924788396585994,6.255652111528586,6.754024766047244,7.187130903115425,7.815461838195271,8.470493339002843,9.330451538294183,10.457583426375061,11.626368458820062,12.447534709638882,12.933307898958043,13.33788852222015,13.627133109618052,13.953096425576446,14.183199835335556,14.44110127436635
3.0,-0.004426036624313221,2.0,14.78129915038814,14.961686033927348,15.13262929358085,15.295906271420927,15.381111883470018,15.506687029707095,15.576686261357453,15.67767023580591,11.453188993330832,10.09002057376941,9.160402887418893,8.257288435168263,7.521915448523991,6.996459921422537,6.4629762879963755,6.0670164177028365,5.707208784990952,5.401113578341007,5.052041305256964,4.841094702690413,4.581901259899973,4.356316879921154,4.193521818959593,3.9927810831002026,3.8646539018764234,3.707007306090551,3.605930786413502,3.433166175335481,3.3414081582099855,3.207710194770907,3.0963849435841344,3.049142723724926,2.935845384925808,2.884927869339239,2.8052111563440687,2.7192497157780458,2.6531074515716773,2.6023437075822358,2.531061259186675,2.479082990225206,2.451268340730521,2.374997229383914,2.336525789233379,2.28958690488195,2.25884972153616,2.19726316902553,2.158663086807473,2.1502961401276752,2.105647054716008,2.087223559244318,2.0359639342193834,2.0214662752925636,1.9817952465026565,1.9453108499273128,1.93781836887541,1.9178355297822642,1.8877898240824338,1.8526507428490144,1.8302189959729203,1.8348653473494518,1.8044798783254683,1.7918293164696766,1.784579862591413,1.7601563810800869,1.739280312850115,1.7114163772661253,1.7274566517822625,1.7038188120697517,1.6662649022511058,1.6876492873460807,1.6502817569943162,1.657768096390853,1.6368223591307283,1.6451849248180865,1.621353739239157,1.6305701926690832,1.6229070595369917,1.614248232154164,1.5970706996131177,1.6029816582597718,1.5879172551982117,1.577628425818844,1.5687750607240136,1.5896914739441577,1.5957003378758796,1.5451562558844565,1.5644560406369088,1.553809648664154,1.5749808992397103,1.5700191643521844,1.5838930356581824,1.5630733176807778,1.5571121358021034,1.555362575780589,1.555899077341338,1.5561255511821153,1.563390476347849,1.5815852684968343,1.5724272632600023,1.5936092159778454,1.5748090141171895,1.6096689153036643,1.5852937168484436,1.5870245082505194,1.5905323522007169,1.6288734995122984,1.6268574412491104,1.6415129289423664,1.6314820540338968,1.6553481909856935,1.659747222210483,1.6827086128550497,1.6710751956222327,1.710152869750457,1.7092698208501087,1.7320308121680914,1.7440056417153653,1.7390094966448673,1.76926825875671,1.7775343716576602,1.7958549953641707,1.818910365749376,1.8476145104799253,1.8540478484882403,1.877976930951725,1.8901896377797054,1.9370826830395607,1.964426539663971,1.9862120297449135,2.0001247761274614,2.041085768365486,2.060806776492601,2.1134713152377964,2.134143162910592,2.154291564966951,2.2030543848774364,2.2297793539753727,2.287465748583296,2.308012968432331,2.3777973746648184,2.424068264936512,2.4476062316074074,2.513973576800095,2.571830653700672,2.624935565843691,2.7200622259073945,2.7941621072178746,2.8684937738291496,2.927007949873223,3.0245667399706404,3.1007911262830548,3.1926039039900465,3.303155721452963,3.407764629748743,3.5660473356273417,3.691076782395633,3.7961809554654526,3.9524962787821285,4.141504062818099,4.318651146786533,4.53892427197847,4.7767672353092445,8.824956096527936,8.792624652647353,8.760431068910027,8.716793060222889,8.675282231872217,8.621902989695236,8.576262706005984,8.522399660748459,8.447529723012693,8.387345399907327,8.310220308203116,8.268627491381746,8.161698041636399,8.079716922569817,8.029591664418357,7.947272547500393,7.858368856200186,3.4577047598554094,3.458269786342692,3.4598894811826786,3.462566315360788,3.466304378711229,7.2477346498578346,7.11405680754082,7.016766452621187,6.874889897245512,6.750665099548114,6.6153556685728025,6.491143575320539,6.351783031896352,6.2010581000080185,6.057037552229514,5.894493316880852,5.7220415818324595,5.5606749521112375,5.364631196694928,5.234130085811605,5.0031219642917755,4.773043937491787,4.527570460097823,4.373039752294459,4.185227529944472,4.021643050532542,3.8516434296598705,3.7119016414117008,3.579686530327213,3.4811418200384523,3.38997258527902,3.2546090195838504,3.1787063938473548,3.0856673661114096,2.9918045277327687,2.9154345548138862,2.8324488482184793,2.784235866671479,2.705258518206375,2.656419885059436,2.5969623534900705,2.535012787391071,2.4987021129350615,2.4611157806972574,2.3890575621453523,2.3605677845180453,2.312763005021081,2.2627637763814805,2.238662405626531,2.186707068683922,2.1600844682373914,2.148960569858537,2.0986815204954006,2.096648587646879,2.0421197191539204,2.018466335251909,2.0088041248790516,1.9790345863422583,1.968011813172739,1.9407420440892789,1.8886822642783003,1.8925518285224894,1.8794782341941028,1.8516768288108276,1.8249563121312329,1.8155764038882294,1.8126106255454915,1.791995714732203,1.778088917230296,1.7551504038360497,1.76803608627052,1.7571813236579819,1.7459242728615254,1.7087140458129708,1.722319181211896,1.6909307141102072,1.6889676674629939,1.672989156791969,1.6680555819223986,1.685584104832082,1.6609136974280823,1.6574776400190976,1.6577488178874367,1.6453734128309536,1.678328766260973,1.6453293886701252,1.6369958181418713,1.643675264368845,1.633866736141054,1.641074999553742,1.6366813440399546,1.6408924616722087,1.6528736462342422,1.6319929677358331,1.6343916566464174,1.6538175264626347,1.6269516050050397,1.666249006071411,1.6384601094988258,1.669853658644494,1.658714709471708,1.6666001471804806,1.635965510871789,1.6761049065613993,1.672866396613347,1.6667895607628662,1.680067723534289,1.678014065302942,1.7316672935679376,1.708341846954595,1.7474637458406328,1.724486944166188,1.7581116892909767,1.766985343630033,1.7617811076636702,1.7994956436258742,1.8067581875050234,1.8107455345861398,1.8516993406711888,1.8628891110522496,1.8600079922486812,1.8577669992703363,1.9015926330522805,1.917935077044065,1.9654123359633915,1.981754180315136,2.0013479665558425,2.021872407748647,2.037008080310576,2.0595600094127215,2.105975556893547,2.1173220412325713,2.150912673690174,2.209790336270772,2.2081737979272553,2.2831207705003616,2.29384739768686,2.3577364404534458,2.3836492600803885,2.442019663012278,2.48564625145997,2.5316538971591487,2.6206022406500513,2.6580443553120694,2.720889829348022,2.7683586400244287,2.8321983134701814,2.9025296044055517,2.9960007125070556,3.064908786783258,3.154854004246093,3.2679422841976766,3.3630410029982554,3.4857430497215924,3.5902907863742297,3.7113766265530215,3.832746595048652,4.000796788338381,4.14453447753333,4.342157786976874,4.534881608648799,4.750185719976053,5.0045528453494725,5.263342643991224,5.560119545674648,5.879116637884953,6.266243186185908,6.6697736979908155,7.20747040232315,7.827090324396567,8.459688904140478,9.335012662167312,10.250084419863926,11.638558542992351,12.457698800775576,13.072922307633517,13.433952910142162,13.83759530117444,14.121731726605498,14.352915430487325,14.615686227020326
3.1,0.014099922295785433,2.0,14.934906363302202,15.130805211033637,15.308702155035276,15.459826379815288,15.59412692849348,15.71212042166006,15.792279695127686,15.869588473879823,11.701495303183377,10.260320315553802,9.33246738868899,8.365675006939364,7.744730909822741,7.095352066199542,6.5394476332937375,6.125971590413478,5.739730705373535,5.415508938428658,5.11271942698675,4.866539302098309,4.622091039778932,4.344051881082447,4.233444287372641,4.033014073848349,3.886069903700996,3.7077533580260424,3.5954047694888316,3.4601653602120566,3.3600858572556964,3.233710479460727,3.1265962679086194,3.03860210207489,2.9620294095055626,2.894278375719556,2.794564071515981,2.74979771005094,2.6532568839264146,2.5926087201978985,2.550693646534889,2.475451815791975,2.448749458915437,2.381994105637867,2.339202862442571,2.2915217870605282,2.264527238658062,2.214201689767319,2.198295647147496,2.152926580866416,2.1107442004672725,2.0811335599429093,2.031186328859484,2.012621846027381,1.9658105707348612,1.9613547147390882,1.9308095593208328,1.9062212041762105,1.8793122757774525,1.8625537513933115,1.8461184800812902,1.8224646281226884,1.8013997230960899,1.7766338763157212,1.7807147154818945,1.7584076417566121,1.7421780254505297,1.7091575749386216,1.70622711983438,1.7029678676449005,1.6748756086608576,1.6791466782760913,1.6659918162066942,1.6699929095679924,1.6349799422709852,1.6461036935183049,1.6212470871804667,1.6264072161484595,1.5896203376623161,1.5696407374678478,1.5957801345196505,1.593536949046414,1.5880540288782952,1.5887581542278923,1.5871567145223933,1.591277639029973,1.5603704332267176,1.5733387772938556,1.5671431210435636,1.5493035219271165,1.558966372778476,1.556595494510883,1.5539012372472556,1.5647996597151186,1.574949767880736,1.5626188185630643,1.5599462108659143,1.5586167459139555,1.5695544492289806,1.5845347112856027,1.585739840692825,1.5897168596744156,1.5829249070068094,1.58879069759333,1.5945477392620893,1.5982168228789413,1.5892863439041722,1.6231608014228356,1.6220544238385843,1.6169041453177757,1.6329824510641155,1.658360226397231,1.654934533106332,1.648949672808674,1.694120285117779,1.6971060906286979,1.6830196999249312,1.7216461924372524,1.710547830297106,1.7474429041019397,1.7560643166046,1.781303501722115,1.7963992225306344,1.8230791932615829,1.848499889495416,1.8667004207363054,1.89628944906359,1.9183983057613248,1.9113641368009013,1.91649824446658,1.9653115379997204,2.009455860390861,2.015903003479159,2.065020494879858,2.080468898976023,2.134504364810083,2.1719381147449024,2.1984106834562676,2.252658404081702,2.2755845183242247,2.335174649057798,2.3703066122680423,2.4259723321426163,2.464624864262616,2.5268058592043223,2.553275034236185,2.648451112407435,2.6910664177476495,2.7595553123508063,2.8138715565026384,2.9333055902197915,2.9995758681536735,3.0745384270364213,3.1836558054553876,3.2655395558028175,3.4034892494836853,3.5175965794590667,3.635150210004041,3.793815123410487,3.9456227758416724,4.116967860484585,4.299204120383633,4.497811233406861,8.689601120723609,8.633138609748059,8.602169223721138,8.579490346488463,8.52210841252452,8.464925232892023,8.417876125803428,8.390706548767104,8.314824543475275,8.241372054518367,8.202458586709765,8.113443162928158,8.060980377975575,7.950936740287752,7.891546602764155,7.823815207796769,7.758373545081548,7.661819557426435,3.3761250978876562,3.377240601425744,3.3793869630113664,3.3825674594828943,3.386786955679709,7.064730050596949,6.972429315297105,6.855407926042414,6.717239704789981,6.619398766377877,6.505894769476014,6.365348695013667,6.220004372211901,6.106927324564501,5.93016065830914,5.808027216878995,5.659119175365745,5.481362428886697,5.328108138053546,5.152075962431979,5.006294575266499,4.846742398926977,4.586573462065506,4.406062647764556,4.201141145315603,4.048064013478984,3.9012142399994967,3.7489429902207654,3.628258137742848,3.48880005038963,3.3973843144727915,3.2722357270078795,3.183269545564419,3.1021197992115295,3.0169213530341947,2.9431597386629376,2.8781950115526036,2.784520057320803,2.726538297956237,2.6875561348149892,2.6109439791033293,2.569481579190075,2.500616938334671,2.4651699425780875,2.4114533496757846,2.3678442334939924,2.324127485493936,2.278987909346066,2.237622541971441,2.191247809827421,2.184513421082526,2.1359619132774763,2.1205576359737557,2.074043068992236,2.078878631773968,2.0209781842841323,1.993118613837326,1.9614326212572684,1.9690041686894377,1.9231353163783638,1.9303716026979212,1.9111890971566572,1.8821096048446688,1.869989176448731,1.8326411209816722,1.8219746036122793,1.8236379152499855,1.7922667350589379,1.7783848308024983,1.754401967516028,1.7547074338034245,1.730800076549283,1.73547307942685,1.7245081005175902,1.7440418223447973,1.6961243055161734,1.7024770917805925,1.7110041334973445,1.662631302876798,1.6979028364447444,1.6667660834575975,1.6715490618920787,1.6450625046810374,1.664179601830611,1.6655976104175994,1.6373081727879786,1.6402792143166787,1.652105254262196,1.6309599292077623,1.6604945180217743,1.6387641748173247,1.6365935108964587,1.6392226937328196,1.6215119148205783,1.6735196481448087,1.6421988446671996,1.643064198307035,1.648303077383922,1.6651976110170774,1.6531250824061263,1.6796244555906,1.6538169558983526,1.6420182646235006,1.6791596786645393,1.7022824509867545,1.6774712193034347,1.6994568383873492,1.6967479946309587,1.7162925722475946,1.7302522663517772,1.7408514383414386,1.7471180508740072,1.765609150051685,1.771304321488557,1.7854382179267994,1.7705446043204671,1.809620757377803,1.8227904401980854,1.8346587136658206,1.8613399837258102,1.8636685173990364,1.8703886250700656,1.8876300484488575,1.9172064642617006,1.9396505656033307,1.962216965035183,2.0020778521428695,2.0305803089873886,2.039847542960286,2.0622292683653427,2.1016133692305585,2.0978242197978285,2.171552981010895,2.1611896236455337,2.217093033897859,2.2607265552565843,2.307945952545514,2.3454965976577653,2.3686798889319394,2.437500149435308,2.475298075014127,2.546354149745688,2.5915366824257005,2.6304187923340328,2.712919686595316,2.743366421292607,2.817359782501972,2.8982860570421134,2.9797900983317698,3.068365359781412,3.135025844217364,3.2458931874976877,3.3190439233158116,3.462254898700428,3.562287549595784,3.68683375382846,3.820242004390392,3.9553246796665746,4.117890130744883,4.308121689345,4.517702830427039,4.708988355908143,4.972604297109978,5.219459352040606,5.488026682864107,5.791455039018099,6.212559084929165,6.582355857906118,7.09279832508276,7.729138289329963,8.32399240843041,9.191521556830063,10.077563990292534,11.38482173792247,12.453775157657091,13.148021125974285,13.544124898518323,13.930699192625381,14.247608470161524,14.523169510803609,14.776665842032397
3.2,0.01758354738232852,2.0,15.278296253615734,15.421426672420512,15.602258682313053,15.703610961336155,15.853202344541952,15.973927284630204,16.040364625827433,16.08949137447408,10.924839105137044,9.680663730903156,8.813417291129372,7.973374565660887,7.402993462557671,6.817706190677319,6.283754286947667,5.946524222176287,5.535420727522466,5.24114234925185,4.962646853179593,4.755984307034053,4.496008694808692,4.318568066854378,4.125812186249734,3.930954763083956,3.795306189470927,3.635502709944327,3.529882998075561,3.4043169844083474,3.297235862581123,3.178129603099457,3.0898129600698785,2.9962994458477197,2.920530588529158,2.838965872096721,2.7658070538359674,2.711639242602081,2.6284300544128585,2.5847113288655255,2.5367282964248266,2.457320340592542,2.4182215426499436,2.3598056764585387,2.3201826899765257,2.2691684964213317,2.2470808960668927,2.2090219502941637,2.1628081520534654,2.1313438577026362,2.103663114650129,2.040186977460505,2.0197016926430473,1.9706282155350143,1.9660913741742434,1.9481833151873131,1.9248913954041005,1.9074201670129964,1.8798314796352569,1.8520349185028975,1.8137951927138651,1.8183194364509339,1.7910765465807372,1.7589690521053014,1.7575390869501897,1.7332620318081688,1.726140028153759,1.7147799855361852,1.7046102672226016,1.6932508101506212,1.6807773341088765,1.6739612435676041,1.657397375084643,1.6581583682313021,1.6362431207994643,1.6100429706864414,1.6216228219509012,1.6230175377498997,1.6259473843096497,1.6007300813464185,1.607465076572962,1.5863108033650755,1.5852418521068825,1.5919663794927918,1.589851827529737,1.5907813171847542,1.5577177211493376,1.56413088047039,1.5524484252485105,1.562254796065275,1.555990762608634,1.5650876260898066,1.5626322930602896,1.569884076716767,1.5559536064086048,1.5747361500290922,1.5588490812415954,1.560891248780914,1.549136810347722,1.5842546915600526,1.5744861432563282,1.578078866814357,1.5809147485556732,1.612385540658856,1.6089721252971376,1.5960337737316106,1.5950337921048992,1.617154083459604,1.618826944602455,1.6326337298274285,1.6339836304371258,1.6675014363740808,1.6588626182052364,1.6956024662634057,1.6723170255915074,1.6917764976188872,1.6933308024971077,1.7137244085183074,1.7450946521076032,1.7481056399907584,1.7687214685255965,1.7953312382112865,1.812571258436807,1.8226544765547465,1.818603196985281,1.8600141952287226,1.8765860467361162,1.9148625750521737,1.9388013982582204,1.949057268318075,1.9665675275296206,2.025671469226681,2.061420627665193,2.075523528239906,2.1021182706369252,2.1315366065026335,2.1822825150260274,2.2273677734088277,2.240946976853968,2.3032863054624735,2.346603725760465,2.3887110528635276,2.441564574981024,2.4691551265817973,2.538201630059773,2.5932711479693134,2.6593104747863334,2.710177129968619,2.8043332187624967,2.9083596424230387,2.9657902601444377,3.060863351882379,3.1388782497941112,3.241786665590204,3.348996106592714,3.4651026026120584,3.5843010982947328,3.7179938920002145,3.878064419179018,4.014610407411114,4.222657987636319,4.3937870606525085,8.504352439394662,8.435523715299965,8.425530103423087,8.379416471651842,8.321559225141002,8.297480046359672,8.228044314592378,8.169827427901438,8.13619281375665,8.060509337071148,8.034664929034472,7.946636777215725,7.886533892925516,7.816819161843721,7.735858174140069,7.617714621956083,7.5543743140295225,7.490481629875913,3.2945735775635083,3.295784303901208,3.298001270008287,3.301227861160758,3.3054690140855074,3.3107312354326863,6.835615179283631,6.709600332247917,6.61348582734086,6.511901838598975,6.367448412338753,6.246465971427466,6.125806851074252,6.015195451045149,5.855677813114083,5.7420100820487106,5.610596595163595,5.445913103713166,5.297826848475971,5.15003896851589,4.988514833403268,4.847158710244215,4.667860736613739,4.472157129780463,4.306157060274646,4.117022579952309,3.9822550823555907,3.8239611712860047,3.7062138913432094,3.5504527764587266,3.435375081996999,3.3273425915782937,3.245017764200662,3.140623487749992,3.0717532681739943,2.982544103996956,2.888112074734479,2.856291295542821,2.751920023186413,2.6980452744073578,2.618883492565571,2.5812258065529736,2.520650793120303,2.4938694179363154,2.438922095934788,2.381979270429091,2.3562506375608403,2.290383861469986,2.272688790517197,2.229168691253941,2.198929323480614,2.1559001622402003,2.1113988257141516,2.0954916882528805,2.0822774033754836,2.0578770240141475,2.013290825780911,1.9736730736126102,1.9628546310771378,1.9579428823735796,1.9282053827485763,1.8917355161792972,1.8643695392475674,1.858544605393758,1.8610836037464815,1.8405589032016143,1.8125150509550525,1.7999964424516273,1.7784597712437662,1.7797844675717345,1.7570830845262444,1.7584149531544324,1.7416218280991256,1.7404525844694625,1.728476015194496,1.7107641946641048,1.7204276375045284,1.6951597908520069,1.6755430588180225,1.6702998615244833,1.6753091858541471,1.6646882451785636,1.6479290052855273,1.6523914453675674,1.667206400715343,1.6555572169565633,1.626538248904763,1.6482384774612764,1.6524058044976693,1.637741966328733,1.6172768931690302,1.6363260944084703,1.6420975771837438,1.6335295239767242,1.6511448163126643,1.6479088801203046,1.6397631065300602,1.6166186371911915,1.6231177380266613,1.6631503886130217,1.674320046635926,1.6431066373521943,1.6722257546833557,1.6585392582829572,1.6812113438475094,1.6971383534283437,1.7162457585040582,1.70056019325409,1.7190375971091016,1.7263533460541698,1.7224148291458639,1.7243994784482644,1.7385070798870303,1.7759614969546271,1.7667659108992182,1.78247261865883,1.8077651580350709,1.8246650481649367,1.8245822890397887,1.835901428179072,1.8648922727954196,1.8879644689683919,1.9145241882567035,1.9157945420647362,1.9488392337670737,1.9592331203517517,1.9888849305806664,1.9754870094908852,2.0209186354329214,2.0705206185740392,2.0846703716746453,2.112057134102145,2.1468157053302632,2.183768779251213,2.2105357462564363,2.2299673528121993,2.278393999255448,2.327497003631014,2.3495429499920277,2.4046410640759674,2.4597592257010987,2.5048949176670887,2.5607358881412674,2.5877301973216613,2.6593076905896145,2.7367013384949943,2.788068461934611,2.8751161600962303,2.941270147809098,3.027577795029423,3.103549153453776,3.2089482763170767,3.2626833478558717,3.409711311473327,3.5246758766907775,3.625361380025392,3.763165954675435,3.8893244418275135,4.0603649360306395,4.22509624452716,4.405254257693681,4.576677316157933,4.8338569996440786,5.1039293989750085,5.347506218882187,5.691863605899605,5.987374076297361,6.412731960220143,6.841609806161455,7.39992999517278,7.979140766177858,8.727303735000335,9.709176516719845,10.671356361653457,12.186938560079682,12.977668532639445,13.564058998333076,13.930060073762723,14.287188830882014,14.585790188333997,14.838310264578029,15.106362533046296
3.3,-0.02422289658231961,2.0,15.53335122690044,15.68540624016608,15.84798297733026,15.971962764185246,16.11677945946429,16.20087245757811,16.25381731213067,12.011458271727198,10.492092406494185,9.328461459324817,8.532743258476085,7.753308546820716,7.1976783300171805,6.643645427639733,6.221786998699809,5.792877710017067,5.507683004137652,5.154247707959445,4.882420745626216,4.646331331454747,4.429912530265715,4.236560407525869,4.056514411803588,3.883134856189524,3.7409958177163456,3.6232296923941814,3.4860265800800816,3.3530358166674925,3.244334644083291,3.16378670004905,3.060166274847241,2.979925547072389,2.893884136286226,2.815537855854583,2.7622137582689885,2.6685831373392017,2.608528104935097,2.548260302807538,2.48125469062608,2.4558940980950226,2.4002122785026576,2.348599008525953,2.3012122141543507,2.252924210377455,2.2034786170389897,2.153423268476915,2.127790910027432,2.1268704368545017,2.087983193772162,2.0435914966913153,2.0307233347696867,2.003867701910757,1.9774278319282925,1.9366046782743995,1.9198829246438196,1.8960302489293424,1.8733158045363325,1.8508327376855744,1.8283886620074092,1.8343056699668603,1.7944023343588258,1.760490452265993,1.7666429376987276,1.7550113488770958,1.7297265658632657,1.7132177902949997,1.7094968186622737,1.6831079278701935,1.6588814553306945,1.6619875017490788,1.6567305874719271,1.6537530794134683,1.640141558687284,1.6152331964289244,1.6157389265869369,1.6102779352214973,1.6104632232069822,1.6062608364386213,1.5943151495359467,1.568710159621124,1.5791747279171144,1.5652088537458746,1.5732055439254098,1.5662482241200917,1.5454067968738632,1.5752419410343725,1.5499977003281342,1.5605967212918725,1.5492139439210333,1.5703999361795065,1.5684007702114169,1.5622383268564863,1.566354166636282,1.5528200786979296,1.5704165371286645,1.5591607171560973,1.5839635617709436,1.6003650892548316,1.5891105407937163,1.5932241318875262,1.5774664107921268,1.5989105789403564,1.600380131221025,1.6011206290509266,1.604481244284887,1.6157584158328022,1.6253870317821923,1.6491990707605684,1.6118310476724984,1.6654342111498737,1.665878559367889,1.7073213870541812,1.7094957888860662,1.694546556895106,1.7277707807515537,1.7424021452076603,1.7525835808440924,1.7499796184888763,1.7654490363110291,1.8103395545999637,1.8190378013598885,1.827651968045902,1.8533728429787435,1.8825470371544786,1.9072439769671858,1.9268476592296935,1.9279270185992294,1.9484816191479568,2.003638751973651,2.0283354753690603,2.0508453296250453,2.05516819412171,2.1265366911139023,2.1469394158030206,2.1910312273491552,2.2178182151105017,2.2619912239949653,2.3119044242932305,2.3514908199242464,2.4050157134552883,2.4632790468923056,2.4661215026724963,2.56046750896484,2.61813354545714,2.703433642171027,2.749921494656343,2.86335076407062,2.908421161853518,2.9922158660994738,3.0754027882083177,3.1805710956137845,3.2866626868087865,3.369661331174531,3.5010151329385364,3.6106817188397575,3.7879760491268946,3.898439522897458,4.079867986640337,4.349820737775665,8.33256612854871,8.281682889641555,8.231783296444371,8.199538537314634,8.152119374174298,8.120758258354421,8.065542503319577,7.990472167378326,7.957591679992089,7.895842306568721,7.823552128950607,7.772961556337525,7.7085908888624255,7.630126682494157,7.567817863926857,7.490058987434657,7.420932470670918,7.3304125761999614,7.265018314033886,3.212495082138443,3.2151963186716905,3.218883798307887,3.223563170859417,3.2292416282598615,6.696705788101757,6.608103761908385,6.482564555948333,6.396631345896021,6.26749542499044,6.193656125304249,6.023494686494692,5.936937113133197,5.781609330905993,5.694410559287593,5.553523473435106,5.39384175623206,5.328452097687573,5.135311644803462,5.021605414823861,4.858632038699222,4.7561291317453085,4.544564810483177,4.451323473366508,4.232305287776476,4.074398114304444,3.9214857653213215,3.7770526368676216,3.6389033091321443,3.5384324004702292,3.4142341744067464,3.2850061623393416,3.219232209349411,3.1140810198699445,3.03496408660687,2.960662953906752,2.8624120188035285,2.804178347181404,2.747915990191062,2.695169726214733,2.6154212231989367,2.562936504300265,2.5068181519864536,2.4784980358629696,2.431153404144968,2.337928023382187,2.3180780267186796,2.27418268861237,2.258364055688134,2.240734144980609,2.161428929574966,2.1359091049444054,2.1057585377768877,2.08876156702602,2.0680513120835387,2.0531979703862593,1.9875196866600762,1.9926909073642045,1.9617428009368958,1.9221390848236621,1.9232855379837839,1.8940380551946094,1.8879092571165235,1.850056922673637,1.834757278923,1.8318845493617395,1.8173818901896104,1.8035679724150713,1.7805293741046166,1.7947466724679042,1.7578086020977042,1.7400837805574483,1.7642371915420307,1.733308175912408,1.7338926521317948,1.6850209827843918,1.6852295274479765,1.7126285515169457,1.6879192568969634,1.670939611118101,1.681649724172664,1.6739442549005445,1.6566427057912272,1.647218206305671,1.6492242985664232,1.6442584889052603,1.627590677616735,1.651269629963359,1.642165273644595,1.6240862230980926,1.6343950965175111,1.6189160869311015,1.6277891266603965,1.6416667720309959,1.6380791937405081,1.665769675157084,1.6411779661869708,1.638024236801966,1.6371080425413531,1.639217342660374,1.6806705997317717,1.668864806175144,1.6675485555417335,1.6789946741407882,1.67893514977218,1.6827383210908105,1.6954207630383873,1.6978470910327204,1.693914901284921,1.719445341663034,1.7164129463595708,1.7558015933574043,1.7507748618712038,1.752786840719803,1.7808712911586897,1.794668860824773,1.8085916110471987,1.8203048832444781,1.8107394928076173,1.837673849994236,1.8604662648039303,1.874334241170526,1.90762312361193,1.9172351734746382,1.9438923878782048,1.9634312189723537,1.9633126849272113,2.004194269277319,2.0341748940424766,2.070195724242523,2.1117298987303696,2.104342751648601,2.165662020707975,2.1754562861688433,2.2180477926537616,2.2484296277831053,2.3008686477733717,2.34060859381151,2.3672571628672747,2.430543548920953,2.4791341156401203,2.5103890359284824,2.574846284722588,2.616250519997118,2.70295801405448,2.7390127491279945,2.808563491895436,2.879766824100897,2.9611657500177073,3.047179855995302,3.1274434627083894,3.213716560893346,3.304124450411396,3.4232809141486005,3.5524794030540696,3.667600108796487,3.7678156182182434,3.927367532409141,4.1042388423571206,4.2743061830299816,4.49049431134907,4.670630507265607,4.923955538844496,5.143001379390468,5.443127785065793,5.7159155017392225,6.106610754469331,6.569782263764552,6.990904955956572,7.61455794178163,8.193761828409432,9.033981842591214,9.893323125132707,11.14920667061351,12.453153636921769,13.317612065417379,13.862671241912818,14.220131431724315,14.578913669767873,14.843281841603599,15.130996857255548,15.325867959937012
3.4,-0.01906933396368528,2.0,15.673972820589723,15.829276836168592,15.998896771283327,16.13207043759141,16.267147323207737,16.359091207848035,16.45924668024811,12.327864737002715,10.952728078866452,9.698015729350697,8.828871267987266,8.013639453792301,7.413274016499698,6.825467182706974,6.371980248950951,5.947462603672135,5.571895916509475,5.28875099246896,4.963677541634252,4.743950464585431,4.488280771735746,4.3209680075130725,4.117413387397175,3.9388167757237493,3.8019786811346052,3.654683302897581,3.537577711917385,3.393299731808782,3.2988246474568297,3.184530535943971,3.094779386986496,2.999873088936325,2.937884813647521,2.8395885803607395,2.7612389197789993,2.693033578803725,2.6325353017600905,2.5500817665132813,2.517804205328277,2.4825236350541395,2.4250262287044952,2.358357210404484,2.3293368891707478,2.27267959013702,2.237761978656935,2.1868949831293776,2.1613677670846405,2.135941894933506,2.1063359944177202,2.0625285924907373,2.0184408753918124,2.007498634441376,1.9938051537713761,1.9415591088964363,1.912063300539401,1.9087717247135025,1.8603710288282254,1.862815250506504,1.8490618346432601,1.8175180000687994,1.7988486813183653,1.8080633248440616,1.7787738018228254,1.7400573063127016,1.741564704663936,1.7297753906310347,1.6807986498368201,1.7034738226421424,1.6781720424938262,1.6761820093481612,1.675222251784486,1.657274904157561,1.6644181124293107,1.6390840183733488,1.6222414778569796,1.6224103681157724,1.5879825790683733,1.6015333850569526,1.6005809427922593,1.6155374249011663,1.5642204733110971,1.5656680452295015,1.5650021297107948,1.5805785587890928,1.5771246146267206,1.556976156887276,1.5570126960834896,1.5637454112980909,1.5540624887991774,1.5793612780855009,1.5598921713394733,1.5666329563746282,1.5370911947655368,1.5471148853539498,1.5523076847843398,1.5659827711022976,1.5675199925482874,1.5788418868664142,1.5921799677954085,1.5828853867211707,1.5914484863586258,1.5870572304267807,1.5854016482192645,1.5922019249534154,1.6435834406362346,1.6451586766048352,1.6101225512127535,1.6541984640168097,1.635298576391394,1.6751776489573094,1.663226656579637,1.6934341135776934,1.6854078597340112,1.6851015206574447,1.7224074004517467,1.7157228121590966,1.7415026297579057,1.7647215980626687,1.7703300939995863,1.813634272166131,1.8034986687644394,1.8139732493064618,1.8476564263858082,1.8639953774001847,1.871359440647074,1.9246290637251409,1.9333611215503406,1.967157083248408,1.957989591691997,2.0282114939562352,2.030681508792995,2.0998165865750282,2.098666134349641,2.1391503900896778,2.186068221602681,2.227477599231177,2.263498844796106,2.304017080092428,2.3341447279057306,2.3935321093451534,2.440224107558629,2.5117642679418517,2.5496417645179625,2.603618288884717,2.6751320890049475,2.7451846472887653,2.79020263494643,2.894903061936412,2.9651871438387136,3.050956065792219,3.1369455836800246,3.246996604869541,3.3238592291628,3.459657968263931,3.5886307732539287,3.719153848641684,3.893094966879321,4.0230623203830795,8.161166204202015,8.115746650016478,8.081043667882732,8.059637788591507,7.994529032079956,7.94088343570654,7.918052980055111,7.843543370109521,7.8568308330131575,7.755435830905678,7.699726884037823,7.657085157657376,7.579580737640453,7.530714151501074,7.4714238373232345,7.363047841107852,7.305634388369136,7.230914097842187,7.171170492620642,7.100088921920024,3.129689491223617,3.1330745760385423,3.1374240750092355,3.1427446682217575,3.149044557440472,3.1563334971335837,6.461944734146594,6.336492143280331,6.244762256507557,6.154713099475969,6.058071422069355,5.918847887144207,5.802743084819909,5.709262914055684,5.568302985536877,5.463523928984399,5.3480728840209295,5.22129689802271,5.066604335164963,4.967043734564754,4.81744780575162,4.723486455871262,4.565202472038852,4.434485915012561,4.280891692954464,4.139116347985728,3.963129814655988,3.828213001344648,3.6882633043306354,3.556690486564445,3.4540471462826683,3.336441276879817,3.218271341626242,3.15156207708873,3.0312841056362503,2.9978236226070067,2.892771571883543,2.8203335104263734,2.7607281702708146,2.694549834700574,2.629042711375882,2.5637495760446254,2.516245855018835,2.4660563512194273,2.4189908987982367,2.364909935442216,2.328103963881552,2.3021058382263053,2.2576643793135394,2.2100846380796684,2.1804634520925164,2.1572047588388044,2.1044526804372117,2.100162087548111,2.0573997423449484,2.024537578126344,2.0151044677359784,2.0133479126984275,1.9667474902702495,1.9528407268636139,1.9167974987727843,1.9039203651427499,1.8907466416490415,1.8630393821695248,1.8358391913859076,1.834369030703222,1.8203053881026086,1.7873484528243622,1.7746777627085477,1.7989270270159001,1.7552287555869293,1.753482933591974,1.7328165468612038,1.7198214619210603,1.7152983924459186,1.7057666372676163,1.6889636745044854,1.6801424702007426,1.6698302089036723,1.6708411476630178,1.6722438455227484,1.6599769638105357,1.6627854747704256,1.6592408369810723,1.6638377666796749,1.6460579544759615,1.6477013188423633,1.6330623510820785,1.6371043143618318,1.6249883357277546,1.6434564919813002,1.6375119960432916,1.627399076974659,1.6244604274195642,1.6521528978527142,1.6459321892451617,1.6294525606839112,1.6368013900561804,1.6452459247450084,1.6545161287290555,1.6579380393170078,1.651310894656509,1.663418622730197,1.6564062307168852,1.6739643576007888,1.696895833219299,1.6895511192269106,1.7156744462516549,1.689230049871397,1.7079512356359912,1.7098286921384753,1.7319844175723522,1.7322429739227032,1.7654050967768669,1.7695956633357728,1.7794102753845242,1.7792485638666915,1.7875666702349835,1.8277840024414838,1.8446259800665388,1.838156801147823,1.895188687379108,1.902433641968158,1.9236640479129725,1.9405149829554693,1.9656635406295395,1.9692436216148959,1.9935617187072983,2.030565301546068,2.0657891970436086,2.081289202504787,2.1204734705639185,2.1388158309801972,2.160570507199737,2.2087435637246737,2.226817801645986,2.2796928222137045,2.3226135334688567,2.3578553419532198,2.4109371071834755,2.4585643305845815,2.507782219726372,2.550079755245052,2.5904221580338858,2.668969545529115,2.7135124630931085,2.7909742556138535,2.846467729263759,2.9619436500175143,3.003193936161831,3.1067041568473264,3.191292634423946,3.2551842959533515,3.3983678642230837,3.508792286825471,3.6273384871406096,3.759541474096594,3.8744364005729195,4.078206775515758,4.20155823976449,4.401644621546303,4.574993202984916,4.821542171537252,5.0505636887508345,5.326560483114924,5.681320113790638,5.963097342273117,6.405997132141661,6.811769001126384,7.386263614051261,7.947435521694763,8.720810465514942,9.513268797846608,10.69572837466234,12.172071190158864,13.234235419889048,13.864516866045062,14.247539010912702,14.646778705218914,14.928851589065323,15.237393212068715,15.42699744249115
3.5,0.008096782402288831,2.0,15.70998910859294,15.963142923128926,16.09502959843484,16.24422129034111,16.377397385256046,16.511227949949763,16.583894954579716,16.698628589188953,11.731304401541328,10.498903778721267,9.310395323101737,8.511241794056334,7.742414821042631,7.1864799091047225,6.613800971813962,6.221619386612755,5.804359907511523,5.439694647103192,5.167797520462206,4.881940673713663,4.655799012315186,4.4074386968365475,4.239566915517421,4.053671473162455,3.9089779061098575,3.7208724368570225,3.6063609456055143,3.4868991064312977,3.356653980670918,3.2640383655010776,3.168658981618114,3.075723817695545,2.990590115496195,2.8839255516354254,2.8381210424874257,2.745879278737554,2.675379939503061,2.60775124884591,2.5657846627525993,2.4952636349046524,2.4529836212225242,2.4012427226619035,2.3673612177489347,2.2985930184375936,2.2658143643248945,2.221614528866622,2.1809017887320343,2.1262149810236877,2.122359643237155,2.0789181223209927,2.041105604821701,2.0193389285985215,2.00404607388558,1.93661021806003,1.9264191708277063,1.9146084021897722,1.9005934229062276,1.849145594074821,1.8352346604042948,1.8144791056131377,1.8003361728479224,1.800977610585,1.7794742926760927,1.7631403942347692,1.7406401736000552,1.7101485335182716,1.7309562907237794,1.7053677695517964,1.671892697126761,1.6954054982751907,1.665928085535316,1.6612431947320945,1.6281977476643503,1.6221354375664123,1.6119074563760336,1.6108552279989592,1.615022170204344,1.599200573258728,1.5885386111129236,1.6205737252705654,1.5734117502170202,1.5726652664378142,1.5778980256990345,1.5908825858590492,1.5864467928569355,1.5616033101444222,1.5647045070723327,1.55542129867975,1.5441592614685369,1.5580759873707362,1.5727734835481273,1.5534426478858285,1.555780324093963,1.5551953980595878,1.5535590156959136,1.55626536080577,1.5484488571619999,1.5965044988922568,1.594321686223331,1.5883774119223186,1.5695846577094688,1.5857185046012925,1.6205628936398426,1.5947354110260041,1.5961858452648305,1.6057643057228868,1.6187940081425916,1.6191475643274063,1.6331399069234416,1.6468556623930781,1.648934818931637,1.6614976555099026,1.669602227807111,1.665093349416889,1.6917036629497881,1.7238295184048613,1.733413203971609,1.7368868836065683,1.755242658447627,1.7609065897928455,1.7973082617051266,1.8133571609217005,1.8524444219419565,1.8626506212284262,1.891180445809796,1.8776151787526552,1.897132612125668,1.938175584575807,1.9688508674643082,1.9843240981084345,2.013887631108417,2.0738504515205705,2.0756481599629737,2.1365472306232025,2.160835274408745,2.1886554261767386,2.2047285867562,2.2663530164490777,2.3217972986518483,2.3786034604390043,2.401686114410416,2.4512434944544474,2.496195466800937,2.554050783916327,2.632577368045602,2.689895917467312,2.7584036740955256,2.8371626922996827,2.9068835395001877,2.9904795270167703,3.080443366080499,3.1629931737262793,3.2991482063037765,3.3860343009972858,3.5057671430759374,3.618117926778002,3.7915495305230937,4.012279549882225,7.964856661608916,7.929400313409148,7.8946846094525425,7.847845290838375,7.84929551678005,7.750108224071209,7.723559417859466,7.676419440282526,7.640706048950206,7.577964305952639,7.525127464174592,7.46255384873222,7.396543639480868,7.347952599065565,7.283275200941659,7.214502227432978,7.159313289326641,7.0765268469018405,6.995975548704272,6.910568110923917,3.066596349224129,3.048232749765471,3.0533965051916074,3.0595116739176347,3.06658772412894,3.0746356684367235,6.301784892741825,6.25051381700457,6.125359333950924,6.0562540479050915,5.922484552265282,5.841114508184487,5.718436716190442,5.624791532238856,5.504955204464229,5.401281909607491,5.302235043471662,5.174397178568607,5.075930443351952,4.933527654305744,4.8315876074809525,4.700255938984071,4.600831483271645,4.471961414030749,4.288252128775581,4.181295945842687,4.07507839405292,3.9184563581595446,3.762646571392434,3.6653649929248036,3.508618728707602,3.4424176544010145,3.298915241090121,3.200719928669625,3.104902873360731,2.993501086900012,2.968791220106576,2.8930758654008666,2.796633265484895,2.7201975283729194,2.6675338246393063,2.619578933022324,2.5472689714082373,2.5105133320904733,2.465845953683066,2.440037036710488,2.35372731706689,2.330159061467897,2.287151898983822,2.2610291230548327,2.1934742944786256,2.1791413532747477,2.1179532623123962,2.1042998080091833,2.0805575260219986,2.077726205338999,2.038795548790646,1.9920348728734871,1.9814304799057794,1.9889979430475782,1.9375623181455057,1.9185528776909575,1.9004235766861632,1.8872043777256136,1.8706546771205452,1.8329456847616485,1.8155624059916382,1.8136000372451693,1.7972129947979951,1.7912369156623256,1.766408554309697,1.7840817431224723,1.7332926620832294,1.755759901671927,1.731408219036115,1.7289935860950039,1.6884520418793907,1.7145283125276969,1.7086662139079383,1.6870920525084803,1.6744778872436592,1.683085423390023,1.6637600616056063,1.6606746805800063,1.6569997331390192,1.6552170935790276,1.6306060168634593,1.6421806110506754,1.65925376470779,1.647927765926934,1.6382410292719143,1.639458988056219,1.6299231775842875,1.6521121217498216,1.6256517819967726,1.6327315402667129,1.6418294920902545,1.638152333768833,1.644390963265649,1.6423401469990913,1.6390699321642712,1.6503143421439446,1.6713594395171003,1.6680581899333984,1.6772541833073193,1.6883451129525833,1.6987517846136875,1.6945347677190472,1.6850244019787066,1.68745908724853,1.723661919100777,1.7200143264458012,1.7507110935776455,1.7506210110214178,1.7768386049938365,1.7845716371808105,1.7901212714841888,1.793282127920816,1.8308244422956317,1.8335502179995957,1.8374482645092907,1.8592175604265389,1.8859542323289908,1.8923157731614233,1.9259094542649458,1.9485786972242316,1.9568199934301223,1.9670329567643992,1.9989135922765142,2.068209192752768,2.0672057942263486,2.0764014517326337,2.1107888737681035,2.158720759838055,2.1734077773921263,2.2198085723947427,2.243013277610379,2.304688449933778,2.3400989411413247,2.396134664405842,2.4294077299638577,2.481082535979237,2.506538703302926,2.578883348066346,2.6073199700736063,2.6857017785429282,2.7165991141506294,2.823658679523223,2.8948781322491937,2.9748636441366494,3.061559335790666,3.1329780066770003,3.2194420254176945,3.3213448308828117,3.4447195688128067,3.5449392172591443,3.670388355660067,3.817789572505411,3.943787942780177,4.112847223754865,4.269952657354678,4.481360629353281,4.662133238019359,4.921879599800659,5.121687970147004,5.457263104282117,5.817828954230624,6.111795374834878,6.585117824662938,7.007228568031966,7.589282259230758,8.18755739895142,9.041186236257602,9.868751087360293,11.136897730161216,12.758598542409157,13.656825274327149,14.216054319343945,14.562902978503589,14.957277440855652,15.231608127713592,15.514527248750895
3.6,0.028838173842820405,2.0,16.022887380165024,16.21147669021245,16.392239367528262,16.50651867264229,16.680999036649443,16.767312306270252,16.86718705723022,12.62457985636461,11.199455808863403,9.86093055565509,8.98811885514595,8.117820224424516,7.520529001813744,6.8962374139998115,6.374174243353143,5.993821933507012,5.614980064380693,5.3255613751023665,5.005845266436263,4.791680627783795,4.552915434368588,4.334059434959307,4.147235675008954,3.973223215200804,3.80816310695472,3.6496580087522044,3.538807104944809,3.422614101571716,3.316960864053629,3.203424695112147,3.127290338278371,3.0128458249311683,2.9142926048267848,2.848452521781917,2.7764260840669985,2.6883582083514894,2.636612469892924,2.5771260906258697,2.5163378580449076,2.4771686051518493,2.4227463633569246,2.356656182774719,2.314455716618228,2.266170033772674,2.2259449470215316,2.2134309619628705,2.171711693149296,2.11241611501709,2.108505851452212,2.0695496896259953,2.0274459025805136,2.003633279612755,1.9640745210432808,1.9479071642053072,1.9109464011487463,1.8992424267552923,1.9002182719167007,1.859917915072534,1.8306943477465067,1.8245401781180242,1.8050457917492646,1.7807147362621063,1.7680592717130355,1.7650882017999938,1.738335704626009,1.714433726089961,1.7067007039440505,1.687419274179144,1.6647359382097588,1.6906288505151448,1.65740096155179,1.650422867377183,1.6313653902979828,1.6660884843257577,1.6116330676512611,1.6190007595038758,1.5945789791743041,1.6103163964625486,1.612660073699139,1.561133910797829,1.5731590863402496,1.5772703512120556,1.5776547897610251,1.573468396336842,1.5746415089906063,1.5482883226298128,1.561259417474071,1.56443155108297,1.5691808584773632,1.5721460641806613,1.5572892640309324,1.5636944250213505,1.5615066926855516,1.5492673813723785,1.5744671881082022,1.5702789717461116,1.569984048605043,1.5737009698810307,1.5608132940548622,1.5873168737996894,1.5950072307123822,1.5801379794889459,1.6012041240526076,1.6042869275018168,1.6137694920778103,1.6203609557567265,1.6279319863104793,1.6513929554611713,1.6361904209715086,1.6411994344832568,1.6555536714090984,1.6782225733522942,1.6625677648903274,1.6852353092720807,1.6974651274697339,1.7350992311870619,1.7311080172206448,1.7634280189605247,1.774337831019357,1.7729691596059034,1.7992951128172738,1.8223522425870258,1.8469174608547139,1.8604063833163795,1.8744593017701923,1.8947338099208564,1.9296265668691097,1.9508686633705985,1.984574483452095,1.997066483655509,2.036026886691266,2.063067128594985,2.108333714353416,2.136649847730456,2.152498200499774,2.194914876136936,2.238669296966886,2.2767008266677027,2.344700278797398,2.3815142773714104,2.4431170156734296,2.46978535018073,2.539261866131495,2.59660637881921,2.669744223968095,2.7214073995122803,2.7820019423714726,2.8885519182693744,2.9365042464929614,3.0413583562442676,3.100465128861787,3.2169937534439135,3.3140736833937465,3.4438283921326796,3.538373007667595,3.692578784820521,7.814880745691314,7.788913230351975,7.742992470534906,7.701736731392333,7.698806658291688,7.639157454293103,7.605862896709175,7.5499211309404775,7.516883905197846,7.446877429361337,7.391630205264785,7.32947912731382,7.281387515960761,7.231381866729412,7.160120613465781,7.103963147997089,7.072630981073559,6.9633940713058635,6.897881966240795,6.827311540630138,6.745861841413976,3.130945049522577,2.9642654680708174,2.969960740325296,2.9765867229254708,2.9841537132909255,2.9926735385180914,3.002159601022971,6.088154234003557,6.004793711484373,5.908389611440927,5.830898362631581,5.745508449356108,5.614489651059797,5.516149139058791,5.435151176388176,5.32318864305178,5.217183317401741,5.103693985831835,4.997067079448394,4.863411637466236,4.800443021754723,4.664996415011839,4.515927510058471,4.461179799385118,4.2743831738561795,4.200602710034367,4.098813368072661,3.967853426623991,3.8380874443313715,3.708407972117166,3.5849693637429647,3.4692151498770674,3.3558928242480133,3.2257387799476476,3.167744414343101,3.0857944063078655,2.992241496035118,2.9257329165023833,2.847003364764729,2.7696655394284835,2.7008892214743523,2.651362010151075,2.581025551666959,2.530883635053506,2.4893121960675653,2.4532873161802238,2.415847869252585,2.36032932989596,2.2949877818601205,2.2597528151580493,2.2383453996604774,2.1766168728346234,2.1620473880917825,2.1327254518363006,2.082352443895996,2.066212434730426,2.0447578716240185,2.0275239422692324,1.9956163765688337,1.9898961288925288,1.9499129370380597,1.9101749114775024,1.8938659045667041,1.8808588651168328,1.8629343725359138,1.8738047398398885,1.8434316160450515,1.8261847996229628,1.797773722841141,1.802142052199101,1.801539190205247,1.760546233647357,1.7537246239148985,1.7556414876599988,1.750259984951035,1.7094548577680486,1.7220498597142448,1.7002519728970893,1.7122838755369816,1.6959673269617888,1.680233246552772,1.6746850187450424,1.6508922499089844,1.6885753381764614,1.6542879825889005,1.6515374706874266,1.6652797746161014,1.6411809607763208,1.622334695063156,1.652089741954684,1.6368321162132278,1.6538436472252436,1.6490617920816426,1.6524431546184155,1.6284206341238654,1.6402625286494288,1.6480687674587498,1.6456957750716883,1.6353985941502855,1.6370515909864167,1.6620744999386645,1.6714080827041287,1.66030814301624,1.662448040063699,1.65985819725613,1.6784260232844816,1.6712956517936053,1.6734928368833295,1.7073357238456628,1.6960333795540914,1.7094555920102628,1.7380358115935082,1.7448470693885574,1.7168154784390746,1.7409357535467385,1.767882966756988,1.7887394356285635,1.8007749741885861,1.8032744657039306,1.8242610376707011,1.8201266432822052,1.8410384549352543,1.8699461003112652,1.8976046669328628,1.9243822946204465,1.9462335972009597,1.939851965228099,1.9838006497342562,1.999144815124267,2.0252892124047794,2.0334825571087003,2.0837510735560087,2.091410723621074,2.153706041942584,2.183396319935361,2.199277813185459,2.2304282782552893,2.2870643816732956,2.302885563032486,2.3711948459599976,2.414315844561335,2.4482651520922176,2.493901669745186,2.5460862564506868,2.6036504691923144,2.6538353800152157,2.729600808060774,2.77154299363736,2.8825699978942634,2.9165895114664444,2.9845046455251216,3.077812682546928,3.1783590543945475,3.249754348358829,3.3812485906478558,3.502652370519569,3.59368822599121,3.7426388244205153,3.858015828144251,4.042421782773867,4.177671222361252,4.383625491954024,4.560288049735714,4.775351051034511,5.047741725190248,5.307944262225993,5.6189405765336105,5.935644081613025,6.31775438402551,6.732425439505999,7.293066554816389,7.846199657151187,8.605180480330809,9.543182761277357,10.480902593029361,11.887742597004198,13.238002132660968,14.12425281186801,14.548190106887915,14.986690849499075,15.247858123106115,15.571552063394927,15.85348397120536
3.7,0.02808587433024859,2.0,16.328327990837582,16.466729968133524,16.65238752123428,16.766548348510547,16.917532338099953,16.995573419059493,17.093086613863612,12.310300578296538,10.712142311637898,9.498865694036219,8.657745726997597,7.8518104753547,7.304997234407759,6.704124505579592,6.296490714621958,5.8792326783490285,5.557572778483968,5.2243078194963,4.929633408390248,4.695724047677188,4.473782068110783,4.277084209294698,4.082592913800452,3.949591946964926,3.760385228673822,3.6496412371394693,3.513489504406314,3.3740462978460135,3.2709705241752545,3.173123042303492,3.079021623305523,2.9973001168741953,2.908036728222252,2.8374250504543355,2.759087239247797,2.6994999898780185,2.6116601244042417,2.5587859897434035,2.5030014649505556,2.4577543936932127,2.3968639125884743,2.374883889211724,2.3256604020314082,2.28223648162403,2.2177103757037604,2.1794279164119175,2.1588232264634954,2.117134862121914,2.077764187399905,2.052169880809419,2.0172773993695214,1.9858608489002123,1.9614311862434064,1.937472783856359,1.9118798188419786,1.8869092947696948,1.8691641667519876,1.8562931524229462,1.8380590847374103,1.8121023417906068,1.7992736070785975,1.7822692513896379,1.7731388907272123,1.7378578433946037,1.7478080632534576,1.7005793156223792,1.6802136431323913,1.7075324094143076,1.6762347398962727,1.6643711569594237,1.6504306938935043,1.636013331325918,1.642257521766924,1.633704641181541,1.620952952369889,1.6275182394046992,1.6090151711806469,1.5912358224380019,1.5929476937450973,1.5742820961607296,1.583057939659515,1.5725678909807663,1.589952162447592,1.6027137750073503,1.5712323944606077,1.5702754381276196,1.5511715172500011,1.5605371052201482,1.5860057388093547,1.5492462383855568,1.5491340233128033,1.5843862813011176,1.5373120028448193,1.5477434442948665,1.563513558378443,1.5560941452688328,1.5820476586592003,1.5778634643895693,1.5695317247652734,1.5952876545073371,1.5761049159235518,1.6026124165458928,1.5937570452956185,1.5934815184810112,1.6160966538869352,1.6081597475013618,1.6133972141916795,1.6545599404262086,1.6560757479235924,1.6737722060729598,1.666473671247108,1.6779581501959713,1.66955976035473,1.68782048076657,1.726953493058065,1.7260796528268563,1.7648364618356023,1.7575708998530166,1.7899662444458897,1.7901775236797701,1.7956265387447579,1.8266326210838473,1.8661299846055515,1.8709989167352394,1.9015249506722713,1.9350819421906564,1.9356566974862859,1.970823456254472,2.015278353437256,2.0198215990014354,2.044449173930573,2.0873349580803024,2.129953703950902,2.1479438172706655,2.1875061949419767,2.2175984955546557,2.2530358277233464,2.2947834625424903,2.3371807351094867,2.403956404134209,2.430741871834799,2.493580738895001,2.562478241908305,2.6137661353914066,2.6742534199476014,2.7430832358525783,2.8230839430835153,2.8844116670969244,2.9803939494112277,3.0713090751639425,3.1469709773190937,3.2681404690262146,3.3481916357566956,3.477748658595364,3.745284362317074,7.655445834656754,7.5934084805713375,7.576952947809438,7.541782379761053,7.5056936566811,7.4431223364518,7.410035221945293,7.357645002933645,7.310626640647993,7.268708502897236,7.226081408686028,7.142354148508879,7.11034573140513,7.074647969832777,6.99631913056501,6.945425356508274,6.879163792000766,6.795555850778673,6.735272929895261,6.691133397458687,6.594330693889748,3.2117143758860904,2.8805279089876796,2.8862217149038094,2.892821332734281,2.9003370288464794,2.908780563080407,2.9181652342036717,5.979519653500584,5.8720948339199674,5.7840722159176545,5.677692366758999,5.590738722095182,5.5311276808258825,5.4132447262975045,5.339418687419412,5.211893833345046,5.132983598010591,5.020007877415308,4.907283564602692,4.841612882054186,4.741399519992851,4.645932256988223,4.520958731804112,4.437905165501414,4.323934029124512,4.210753184003421,4.1064074859481305,3.974917832219416,3.881171013806424,3.7331672409415937,3.692052306750931,3.5298086392618333,3.428305069452569,3.3222314375567925,3.2323990135214054,3.1132777822611453,3.039778178731938,2.9551120372787927,2.8676334983910245,2.821928913627,2.75150959655502,2.6929577902711794,2.6250801239334303,2.5818604048291083,2.5087100455199094,2.4727095673302957,2.413666349081772,2.381543538949785,2.35249528906738,2.3142158215260995,2.261117278154377,2.2255890129286913,2.170330461002567,2.1736857675044066,2.1133163052924298,2.0843467523656023,2.071471346301033,2.041962462294711,2.0064426274729015,1.9844769250776808,1.9556039073933065,1.9322073474072068,1.9089355404853665,1.8930858946298648,1.8784026776004599,1.8669882954373067,1.8424352794351755,1.8189456156676076,1.826728263027576,1.7966750286477726,1.7799851884582676,1.7829257738659772,1.7601157093816833,1.717739921513666,1.7337055151278637,1.7108317982367924,1.7102669589770263,1.7012235644792917,1.7066683793352013,1.698970396577776,1.6675024577581337,1.6985038920575493,1.6785268147082577,1.6576961947592785,1.6398799177776184,1.6534781898572426,1.6660211695796074,1.6293235000827333,1.6575227281750402,1.633194920543328,1.6325061435823414,1.6321661821377464,1.6371565471717107,1.632658291635189,1.64921712005682,1.6571341486628772,1.6608128641274602,1.6637475319770902,1.6412742150199406,1.641332776676465,1.6413379311349356,1.6643237151145724,1.643091045213899,1.6568450971582163,1.673151049745579,1.680265642054441,1.689610521269153,1.6909735932909649,1.6934815106507932,1.7082245193853323,1.6993728413411404,1.7227767007458865,1.7011781751784238,1.7497046475359288,1.734651457959592,1.7492769897229323,1.794157324888107,1.7900210851232667,1.8012680078126677,1.8108581729526863,1.8217122201807059,1.8323226379330724,1.8752573033324997,1.8806940390140727,1.899155411343957,1.9333577873285988,1.9366817641511127,1.9743406933711385,1.9830228059740616,1.9806919268117005,2.0386972391460527,2.0458905258095466,2.0819865988423407,2.1162297738386515,2.1421577170153356,2.158938668982101,2.226360107526454,2.253991435876034,2.2975767873859074,2.308908655976554,2.3556467444142486,2.4361939976886027,2.4660529685222605,2.5001334523386496,2.5514631640365173,2.6148364734409206,2.663337096609259,2.748715280060588,2.7916367389832226,2.848742150309426,2.9537346099551813,3.045473014352779,3.1142450668802435,3.197797027052721,3.301858349964335,3.4071206780998513,3.511201118870821,3.631287147990283,3.7405578649057385,3.9175640272620127,4.083641302608412,4.238147892606522,4.444766700972048,4.609884328407264,4.8549467656864485,5.104386491526013,5.387488891882733,5.662445890838712,6.058119656915733,6.473532331866053,6.949893847030538,7.4947644323662255,8.081474233849631,8.87649996682653,9.714126552652248,10.912699544882175,12.14929309452875,13.741937891001621,14.429319045689333,14.863650316272837,15.301204312831564,15.564419104676587,15.833748609985317,16.081567363995894
3.8,0.028276502669194077,2.0,16.608580578246784,16.762966244641454,16.89875557475653,17.05092516020919,17.1442753652991,17.232882469106027,12.96630994948529,11.479701041068875,10.092642602526585,8.979659280660002,8.241363757336632,7.523061501196953,7.000404720488167,6.467871013911361,6.098242352330258,5.690159753631821,5.3990582712308575,5.0757237672373865,4.799061300230063,4.583655807289106,4.347239719660332,4.179967049487065,4.006125160211219,3.867519856208409,3.691397668706188,3.5832934643429546,3.4482919107905916,3.309538762447922,3.2155479492920973,3.1155692001655786,3.024856637095654,2.9453546508769963,2.877590451119658,2.7862734764782506,2.7271197911773175,2.657725742187251,2.6054360721797467,2.5252278028148987,2.4673364262533317,2.4553330930177766,2.3772798709063827,2.340806315413139,2.3150718926509537,2.276436021500746,2.238088352009984,2.180535638561111,2.132335231284189,2.103654819240471,2.085529456651386,2.037053264124104,2.0103800990499643,1.9683677900083172,1.949355308565509,1.9592583377688064,1.8823631897395,1.8916131648350336,1.8330418238591784,1.8546772792653288,1.8238351931621892,1.8174981013499307,1.7608969020677536,1.7784676688420729,1.7608461103457198,1.7368419696377415,1.7076452418882355,1.722451185087325,1.6880041750388952,1.6911148532811484,1.68845026498027,1.6353413807386947,1.6533671786740225,1.6528849611004106,1.6599999374038976,1.6199435674252962,1.6510906097065359,1.633264613776873,1.593044408477566,1.5978144084075712,1.5942361094417374,1.597212813731943,1.58570161042385,1.5742306090787428,1.5656784257816085,1.5840149576782214,1.5926147616483293,1.5577256608127068,1.5556226977489942,1.5518700824805496,1.5494478071635551,1.56772908884103,1.5558859217892111,1.5763318964380084,1.5770862918689765,1.5688525055624514,1.563773776918952,1.5828637056044421,1.5936380930497533,1.5708578860595068,1.5821563793569244,1.5791540367459875,1.594687020426603,1.6072380892380802,1.5963880573360756,1.6148065177637423,1.608487088195802,1.6344987708395742,1.6506309399623147,1.628017336457289,1.6592445275427627,1.6632655328760657,1.6995236038314863,1.6852552608024458,1.6862775095120142,1.7093631226145414,1.7199894482034455,1.7299171363737085,1.7549875705223816,1.763012698067735,1.781720635653965,1.8000738618721617,1.8339415310602154,1.8359902025053816,1.8719648061649796,1.8724948377808286,1.919112863177036,1.9251583593659032,1.9569167936345886,1.982467462108532,2.0025193508977366,2.02893457200092,2.0555296751125525,2.106591979100964,2.1489997948099706,2.171124595363845,2.2202064459920727,2.23507851849528,2.277233459608343,2.337987963072812,2.381647292421644,2.410353466636288,2.4588080737659146,2.548035023145454,2.593713833174176,2.650763982607302,2.7152083581517434,2.8046185265654304,2.867689876177211,2.9497787479780864,3.026195552740976,3.0942278511809382,3.2377127546707527,3.3217240031261377,3.54865054510221,7.469100378821785,7.448509593394421,7.407616984708711,7.373721816561488,7.332419211409537,7.317452431271868,7.261366772098766,7.196292733873926,7.1836341334558895,7.114494206446429,7.082507118986933,7.003090242743071,6.971481781373321,6.929794002243797,6.8843374416132335,6.805118042130343,6.735839895828878,6.693703774742292,6.625722096440609,6.545863774178378,6.496943761353397,6.4384041753637415,3.063811124051125,2.7959909894102375,2.8027446367918345,2.810389456419041,2.8189374417286124,2.828402095657649,2.8387984835535183,5.8158871286753495,5.74097184140049,5.649811817682844,5.559370161413114,5.489839414975907,5.361832851656541,5.345473715461948,5.204516852349877,5.122517193605432,5.020757961808464,4.961132921297658,4.858276444087568,4.71443078521155,4.635843643822609,4.523620814741084,4.449098187986471,4.367091141234114,4.256990270171702,4.154376224822162,4.084559069271672,3.9682867903106187,3.8623192019502417,3.773614666728379,3.6547706543723444,3.5507561049078125,3.4531638272692806,3.3560087183006244,3.256332782577096,3.18724456547808,3.072886800673463,2.963047855035162,2.9180024793599357,2.8437572044069115,2.7762420330102393,2.6833657350065474,2.6630031878836418,2.6134937988640323,2.538957076523939,2.473129165875891,2.4257429784160127,2.4022919963136973,2.336461484003355,2.326161850326435,2.2727047706033163,2.245427528509663,2.1915653719933363,2.1635113266765753,2.1507787088849644,2.106854470582432,2.0656928681183753,2.048691214467479,2.0302881816855094,1.9788214078679245,1.985116204784791,1.9400196001430832,1.925940326593226,1.9084658387945035,1.8767561181469745,1.8590421985876564,1.8486866210435942,1.8435345345080878,1.8168438211485012,1.8093363490800987,1.7863275022823335,1.7841831338632526,1.7725382408480375,1.7510583457384252,1.7373099302528783,1.7288598793258847,1.7244297645957951,1.704012443728019,1.6943235019493859,1.708311510169089,1.6773193782267217,1.6830531419888806,1.68219010013939,1.6781190397719483,1.6635714090198301,1.6673868791317523,1.6605721443058565,1.6366481508424242,1.638407538910025,1.634339828030949,1.6374621655081758,1.6260363313769568,1.6318453292561093,1.6435535545545974,1.647489497154499,1.6419005208511381,1.6342591034936482,1.6421787476276908,1.6482324520086702,1.6224806834733427,1.6393471304189986,1.6391011641578226,1.6616566209138208,1.6688552959211034,1.6646754807309156,1.6618315004981155,1.6760878642669426,1.680173585829331,1.6738664165176431,1.7009011321252536,1.6938783792552032,1.6795453202911657,1.7126895550475967,1.7260143590378612,1.7365206873512888,1.7632117391619282,1.7540280519740286,1.7648405010506454,1.7746240947630147,1.8154032955601092,1.821487598586837,1.833790443934705,1.8313156225279483,1.853830735134352,1.8647222898039697,1.8913336290393987,1.9222524432596226,1.9408316358788187,1.9694838911570123,2.0007019831576685,2.0115406565532887,2.0472311814022643,2.0495455981460515,2.0982057319427097,2.1347175082437664,2.17286219604253,2.2079854716161016,2.216626343140757,2.2778657314606767,2.3010198412237712,2.3380350725470596,2.391521577962398,2.4434258813530514,2.4644911974080665,2.550903896222518,2.612956429317289,2.640427313703464,2.7013783722703018,2.7609185739583118,2.8324246854722688,2.9031133348638507,2.987957047052909,3.0754266802508625,3.1693492785383097,3.2605469460807055,3.3498441969102064,3.4555182245672653,3.5839253732906142,3.6871286846293594,3.843012524567766,3.999626906457977,4.165993697696571,4.346683592767659,4.529125132991397,4.735086807767247,4.986011910014591,5.226465377653775,5.548525952167744,5.875878931998735,6.261799828580001,6.721423735249244,7.188798234011754,7.818831103269594,8.435450240950805,9.325655674350433,10.238069044943469,11.591945824437975,13.060645862469626,14.237890735649277,14.862584640326196,15.234688353870855,15.639734665418521,15.88319577801296,16.156482959946754,16.41108557315858
3.9,0.024815457833217487,2.0,16.921082884505857,17.038565365423985,17.19527932071936,17.313954021040395,17.397355377908536,17.47608618264957,12.04631072977625,10.782337215390665,9.557568470599287,8.572904621393288,7.896540107034075,7.208977168419356,6.75328434861023,6.270522526950677,5.900856164752339,5.519169786206656,5.237364109269786,4.936221020228841,4.6723151410613815,4.473176500992937,4.254205150072067,4.1195460910901955,3.9136965791916927,3.777689238933693,3.6267976116138527,3.523803402004562,3.4141202070772736,3.272260804302009,3.1683358959308516,3.081398462789449,2.9804738864440767,2.9167501525419106,2.829700975478165,2.7470144225430304,2.7104495070306784,2.6401826858279787,2.5771314600025965,2.5424051649673176,2.4693716642738877,2.4264809629244533,2.3742326020090894,2.330907870659307,2.2640354258817212,2.2502353283538294,2.20710922906834,2.1531665645949434,2.12053429136865,2.095845846207486,2.0567088567532625,2.0399519686548406,2.00142196791566,1.981912160039299,1.9571090035994578,1.9242671328369347,1.9092101847376162,1.8827737952947587,1.8553530911399132,1.8390356079396162,1.8195227365639581,1.8037645013961108,1.7785787592340658,1.75749173051701,1.7507410125080023,1.7336605920974635,1.7185873983810502,1.6925733458566279,1.702768214913169,1.674509235310189,1.6904212811782309,1.6586998426042399,1.6614973696791846,1.6383483767935454,1.6261409412288612,1.6092073191149592,1.6072488975214168,1.6058687934134264,1.6136027266294175,1.6028265380623208,1.6204470850073769,1.5924664921785479,1.5742576174383331,1.5740626856641229,1.5716973869716153,1.5851447070522293,1.5858238196092183,1.5858162788823869,1.5862169346228014,1.5743046387672295,1.5701198383877641,1.5550764881981567,1.5585092229709705,1.5805774918848605,1.580500254934141,1.5854359490135101,1.5801336256184095,1.5679798413868067,1.5762999450268005,1.5740310880038522,1.5967267974294752,1.6102324575696794,1.5965408544684796,1.6069590853556392,1.6136153753208682,1.6277264088013097,1.6318712504183266,1.6502802924457645,1.6475417546850504,1.6616518716372386,1.6628100816479403,1.6765884655936922,1.6807510239107406,1.7198264143634225,1.7123520240133503,1.7020663323184897,1.7309244100892398,1.7515969798956765,1.767123680054681,1.7821412043809115,1.8275691553796334,1.8176624027439132,1.8530802582755685,1.8624051412607043,1.8622294188011908,1.893320901281912,1.9205782401850375,1.9416115296592515,1.9924892139912478,1.98903994382672,2.042977610730491,2.053103819713217,2.1057909466298943,2.1101850213880535,2.171682189984125,2.2030894547628783,2.258070098982153,2.2680298783658546,2.3204795662891464,2.3621048171179297,2.3933154069301863,2.4691430444318723,2.493298405654469,2.5746592794792784,2.6493377279701056,2.712577134029219,2.7716627724443685,2.839071284376867,2.9222509135092642,2.99176756637403,3.089926737068896,3.171790921486494,7.373576845960127,7.33070314609499,7.2955777335879635,7.272589421808247,7.227619829977176,7.183909719616931,7.1431058267149625,7.134113238622008,7.066111182918208,7.024310331595927,6.9808147885889795,6.9341128940353745,6.872839704444994,6.817367568827437,6.786990365333817,6.747985199468992,6.680971363582808,6.621628703387078,6.559198232782282,6.499516823859909,6.445901920040937,6.368432607311927,6.299845915292506,6.231275888436881,2.8771179138329215,2.712622447984684,2.7203121114749766,2.7288794147811255,2.738337925543078,2.748702741194907,2.7599905490069085,5.647018098235662,5.5743611586475055,5.487340171345605,5.4231056275552385,5.335848628384141,5.246763380304726,5.15615335346817,5.080943286919707,4.987216973857762,4.934108341919331,4.81136290705754,4.734992681951119,4.627312579683669,4.547941341682307,4.4386431148130905,4.376709789823803,4.305431393618931,4.180819334916132,4.135620577898748,3.9931852858437824,3.926916658238262,3.824347100427088,3.7464691309537224,3.6395723771156443,3.5306305881823423,3.4818535013852796,3.3979059477740434,3.3196674098431935,3.2031749540210597,3.1393335327133034,3.0225157771312516,2.953902925797817,2.861622564449325,2.774306412009654,2.743062149351081,2.6631707702501437,2.6254096231508988,2.553133426429565,2.4913400637504637,2.4629187499794734,2.4071754222663895,2.3527473702859787,2.309596537247988,2.276606719025618,2.2443633640941476,2.184523926263212,2.1671816039607563,2.1183995865803738,2.0978002543753003,2.082302456489548,2.0611161819846715,2.0275845063143776,1.999991875686853,1.9625830499209325,1.9620886573889504,1.9386645782293705,1.9158373936608537,1.8902329644054894,1.9033935288889718,1.8537807265141475,1.8364310109447537,1.8262970653840536,1.7977246698026719,1.8068540296492959,1.7696815501828964,1.767526062851581,1.7710324210879695,1.7349059339921606,1.7271615119328947,1.7063751445856663,1.693998720373879,1.7002631153499301,1.701684642144021,1.6692576625280637,1.678078762571587,1.6927829186769197,1.6677879388006709,1.658817815292377,1.6519861220444305,1.6491469877032234,1.6342606737333694,1.6438967810232645,1.6392815273457286,1.634134786052134,1.6367596248565366,1.6289062413854987,1.6462389343172252,1.627974727048616,1.6494442915734466,1.6341819014197048,1.6288918517849218,1.6281303152389097,1.624844334317829,1.628485062982472,1.6255357008080553,1.6370022906799668,1.6458110202324914,1.6532110351693392,1.6510861654842262,1.667993867894444,1.6830361504821862,1.687128937242296,1.677909436034185,1.7054596865293876,1.7045351392229873,1.7125722009578552,1.7114017727243982,1.7086674161136837,1.7339394260302499,1.759498773081215,1.7463062282919557,1.7717155986444628,1.773313345940297,1.7978570737189439,1.8174178772452205,1.8408567842698833,1.8509593439329664,1.8878732929488886,1.9183958876140628,1.9075678324044796,1.9426926019718147,1.9753571856192038,1.9668421302530874,2.0030535141230073,2.018559983775292,2.0740066097543988,2.0662004375608927,2.1094170531628746,2.137097576229714,2.181277333747815,2.210001189648979,2.233178562858039,2.277913251064613,2.3176071847268407,2.3562329303675944,2.393223398165274,2.458966181006766,2.4831359780153384,2.5587440931294227,2.623901521940862,2.658362404996628,2.7616420480502986,2.7924003397768784,2.867515175157381,2.937424452367773,3.014915182387057,3.1197311681941873,3.19116052492839,3.307981061168708,3.4108128352317126,3.5104165554590265,3.6236569412419053,3.793559394188951,3.8984286854993524,4.057623590348318,4.266916387945613,4.4162959306785154,4.654592487018292,4.825919310558178,5.104345089632949,5.384041739525372,5.70560960873293,6.013900212176708,6.45525305937446,6.978895716024899,7.464222496819389,8.146079765317292,8.841091282397105,9.835985827396,10.861008599371234,12.382787011384192,13.910980822539958,14.717951323090823,15.255998794872175,15.633897003519854,16.01372640314781,16.268010061751113,16.485513788960493,16.723270000514486
4.0,0.018220100935455532,2.0,17.198794070131097,17.31937003612952,17.46851272342383,17.564085776110524,17.643546538085474,13.068389005538782,11.304225714779538,10.170505267667085,9.055458097897667,8.200839769751477,7.598270086838786,6.9451551711020905,6.52000962218682,6.070015058444757,5.705836686934017,5.388882594500382,5.118197935792006,4.804918108923681,4.574585173454064,4.401949537489248,4.18004632600459,4.031318193520711,3.848216784703781,3.7182518461146756,3.5839248784664552,3.476086736300067,3.3404150701264754,3.248911566695154,3.118680910793461,3.0317983369063275,2.979471752149633,2.8873914657976174,2.8276100382005778,2.739998497368908,2.684816381308451,2.614865149148531,2.554773553621758,2.490605739231629,2.442902547136419,2.39621490521611,2.339214560478945,2.282698569765132,2.2506118268876096,2.221301980567659,2.190362541672916,2.1370150066567555,2.1273795838082172,2.0863866717463213,2.070868103356432,2.0341173371823507,1.9978359532068704,1.9792658217632673,1.9414932416610724,1.915497897420125,1.9058417420017582,1.8926759815559517,1.8500472646259258,1.833357776492057,1.8121874199952208,1.7993585180819085,1.7887356068240146,1.774585876692319,1.7652506757622652,1.7465733697499775,1.7305629485172969,1.7166789791574475,1.7035014658642114,1.6875823560221932,1.6784140103607192,1.661597386894508,1.6752698849144247,1.6400362085778506,1.63722895924292,1.6335507065645507,1.6329860320320237,1.6278241004078513,1.6356133398368684,1.5774362423320196,1.6006092726871533,1.6104800692991186,1.5953793902528899,1.5749555794794432,1.5775125907789256,1.5797388370795962,1.5916818087532596,1.5931534630299837,1.5847618878745027,1.5981029283841786,1.5840907344577015,1.570700986272629,1.5793185006180075,1.5862928656371083,1.5796758892588036,1.5769438576104133,1.5796096942372626,1.5788860436746364,1.608816909037716,1.588738899718633,1.6100175643289054,1.587219944389901,1.6219518333655019,1.6195182413171936,1.6103735635119916,1.6534946798440961,1.632983667579362,1.6561514683253553,1.6521795093401177,1.6506616853720055,1.6754309438384576,1.6698811558991082,1.6955626552215224,1.71206570713986,1.7038356626086644,1.7268680797971914,1.7558665224367662,1.7617423757087856,1.787595682640983,1.7909777440757917,1.8251346436412628,1.8474799594457492,1.8488820984920735,1.876961658830535,1.9117501030243498,1.9229415036142263,1.938817725484996,1.9917686174859843,1.9954636770725014,2.02174192601066,2.0592135724298135,2.0572711516941733,2.1275922281782953,2.1444583432572206,2.1936601560767977,2.2047233377160067,2.258179068297909,2.3026996090883456,2.34366257411109,2.402906925050146,2.429367534543133,2.5123918979609026,2.5629515799413936,2.6270323934871276,2.680093166293854,2.753923985418328,2.801699113223423,2.879078736405397,2.956595722640965,3.0773004019574985,7.204593770483331,7.171750299744281,7.141965648122227,7.10945051914323,7.073167174434624,7.0338449159893965,6.989242153304651,6.9723460539860485,6.950859420696304,6.869042011739507,6.840744124657391,6.7965669498262065,6.751337804917368,6.7073742664107145,6.6311862128838674,6.592830269034806,6.53199141633147,6.50050105167263,6.419155369903003,6.362635074373086,6.308250466229427,6.252868730918364,6.1711111913968315,6.096984604962579,3.0166393578637964,2.6884244279752396,2.6306538700403124,2.639285128328734,2.648783016661963,2.65916274847702,2.6704410988561516,2.682636472427357,5.501777649458555,5.399795686864685,5.33617254960647,5.262570723070524,5.200476955134901,5.098711589917127,5.03437651629086,4.955862735350908,4.870974729487576,4.789718773195037,4.689589279826695,4.609123915845457,4.5596379311870985,4.462270114017566,4.369650036261434,4.272894282334147,4.192611751759938,4.103336315963616,4.054357003028863,3.9329267374247534,3.8824027210750085,3.7811420102718913,3.706773055340538,3.6606336520476788,3.5346326233399115,3.460914705871626,3.3565982371179324,3.2843121141307487,3.201943163765404,3.1454449234588076,3.0560329655918945,2.942214731697459,2.878689690304673,2.8200432631465757,2.725958521154743,2.6672486536539095,2.610203211354707,2.566567814426467,2.5107051379402905,2.466093036173817,2.389523794817692,2.3721680045200895,2.3384606556380327,2.2733680162723453,2.259380054933656,2.226966146346479,2.156043771192195,2.127542666036818,2.1201812246041873,2.0841551782923124,2.0571021282257407,2.029034140238548,1.994887097367318,1.9933370946871425,1.951380761506817,1.9412420315963375,1.9178806542790887,1.9077076639917359,1.8884458727768612,1.8524485151616854,1.8523992383889796,1.8118616298396186,1.8001305802983165,1.79013946744255,1.7875920267021237,1.765427239632225,1.7649514033212836,1.7346828857667744,1.729670290422763,1.7182392960921071,1.7121644717856153,1.6961691387765137,1.6718700906429582,1.6687448325683223,1.6854160295802756,1.6549839466777863,1.6584275174876486,1.6719924704876021,1.6221100337010543,1.6407391844357277,1.6390304918335603,1.6343500154827266,1.6347041072017021,1.643341329403681,1.6320666030578452,1.611210180258813,1.6229361543772856,1.6245034011998225,1.6477561028212773,1.6191931093087077,1.6143872023164367,1.6162170779972498,1.6295361835200288,1.6450287465890343,1.6442233342219887,1.6331159134620015,1.6484892782767426,1.6486484423716685,1.6451962179672306,1.660520803988727,1.6553942406771585,1.639993190021399,1.6802157171209497,1.6602852242364627,1.6707822404635906,1.7042621436333056,1.6924146961076008,1.711200522714396,1.7042393586030489,1.733603175920071,1.7558998980152967,1.7613883974230125,1.7891362210109094,1.7985610048055933,1.7876559290293048,1.8228287736672932,1.8401798818053103,1.877168565406442,1.8721885694158475,1.8904941169058027,1.9254439037616964,1.9438958529504002,1.960942098368757,1.994704832789985,2.0081300430999365,2.008077740690482,2.0471755228808948,2.073002521866441,2.1533814163971656,2.1444608251278456,2.1858455124828446,2.229666092300026,2.2653595701995943,2.2982346156964333,2.3312085970634655,2.3832722979547296,2.4172680138585485,2.474245706962703,2.5372477862884035,2.5734263132982544,2.6325709502045296,2.673120455884572,2.7535818119918023,2.8238390545460668,2.911403340494107,2.9623333459390104,3.0530836105581773,3.1459156275689275,3.236252256803205,3.34680585615626,3.4335638865660374,3.578370651194194,3.676186708732902,3.8530974918880863,3.9538505144837828,4.132233004230003,4.328318821761015,4.528321083903581,4.735822485684171,4.9573204508993545,5.227357835999441,5.518401129868298,5.871659858889904,6.218053410690117,6.667824230764819,7.237427400062349,7.767666206298112,8.536367076945723,9.288362365908263,10.369823638974202,11.518937328155154,13.304560614297872,14.509815656373506,15.154435236193645,15.673998209760859,15.976699159062324,16.337830070281953,16.562786327808908,16.824629770873205,16.99333905716049
4.1,-0.06695148814204037,2.0,17.47384463340954,17.619479731618753,17.727275297722073,17.82975243936386,13.848103600323379,12.173925705899073,10.646083906959351,9.63846223636115,8.680932209958756,7.966674731455233,7.315392874332747,6.7291118114364155,6.319552313473181,5.879997919640782,5.595571651044208,5.2447860428124855,4.994285811439477,4.704855281282667,4.491246888598064,4.321309685464469,4.128431630702573,3.969167037263383,3.794400745056172,3.6727018446842683,3.534836222010112,3.4029560407387236,3.3058249400283817,3.213906278122506,3.1221273826979674,3.018838769285895,2.915148277040322,2.863358384764247,2.7848933715951154,2.71222800097819,2.6729190145037696,2.592573949418222,2.5404190190552827,2.49162276222866,2.4186485445210937,2.35611079388153,2.338737288573451,2.3027698807020225,2.2551365312075995,2.208875446042881,2.1790238333981664,2.1477759306087165,2.1124028113334963,2.0855838636426793,2.0488181316632383,2.0105407548641505,1.9986307910389853,1.9524600939990318,1.9357911697428627,1.9203639958828014,1.9013347488663774,1.8779751618314262,1.8675448964106551,1.821427307441056,1.8194271255784134,1.8033000564497503,1.7811281121480467,1.7344081958754158,1.757632883540839,1.7625312960305388,1.716412515021394,1.7160758474356945,1.7110290815546156,1.6926566123516342,1.6922820850171643,1.6619172112946734,1.6487141984167508,1.6520246732132626,1.651461566972584,1.6463626433871608,1.6150648288187865,1.6088478742395718,1.6075981974397497,1.621699170609995,1.605719853240494,1.5830312523389864,1.608080377951032,1.594519157622174,1.6179143707961416,1.5717785897859389,1.5675484114680478,1.5847754831155303,1.5981677366295097,1.5850883989934517,1.5747416896198074,1.589664608449463,1.5724441216931113,1.579795054340133,1.5570446659240424,1.6161325803011277,1.6004335726473238,1.6130276060336062,1.5984976211329351,1.606515951498145,1.606468274302988,1.6029400544711334,1.6162217278632218,1.6225531910810813,1.62592379913974,1.6605003550723112,1.658959497510853,1.6675043103299267,1.6453243605248828,1.677283988881195,1.6970425212598426,1.7042986317141025,1.7210625056510116,1.7410928110108514,1.7355193045653152,1.769407740287104,1.765536724200991,1.7915197261508105,1.7991265764318565,1.8144777409421922,1.829283747365672,1.8562375978984273,1.8597861191727856,1.8980250056016106,1.9205566332658102,1.9400176032542318,1.9894603459055957,1.9919778234963397,2.0080658651807797,2.039577224384935,2.091360929675631,2.1117344529513358,2.120936891213524,2.1918099167578604,2.226288913169677,2.271951796144036,2.307596373973976,2.3295074703189806,2.378601054313775,2.4598324573930817,2.4852473322750304,2.5519750063768813,2.596226994561845,2.6611935907971267,2.7407893586176453,2.79569566605945,2.916276494285928,3.0817435848622416,7.042620557706519,7.011374728078666,6.980434119130413,6.976778546075717,6.915150288126901,6.874864022350914,6.8627786322706426,6.788484420035323,6.775578082231356,6.721421401794654,6.680934570240461,6.632930374191328,6.606429019747437,6.564159739070497,6.525425754801337,6.435551562445478,6.402374847821723,6.363885440121333,6.298752366412171,6.232130280377205,6.2039460363456245,6.103705129774491,6.021828071322644,5.983443731811445,3.0610480233036315,2.740271585758641,2.542346124278925,2.5509642565569153,2.56042389207124,2.570740228238381,2.581929991765057,2.5940115066633282,2.607004769809998,5.321147014716374,5.246946724639351,5.202796402866846,5.109536124296881,5.040590729078214,4.95245894802951,4.875327121973781,4.799062034927443,4.693523690586104,4.634654075640782,4.577401010101292,4.479297934521194,4.430272414481296,4.332345276186872,4.281147054507153,4.173012308658232,4.114369920884484,4.006604783128766,3.955554116082157,3.8679498460709083,3.796264717273992,3.708713693227179,3.6342957194461945,3.550380149855291,3.500894643742596,3.413091903658753,3.3445018919109923,3.2850037887421113,3.1984823813943595,3.118868370161351,3.025746330065249,2.999748967878421,2.932790062388582,2.8286923630988245,2.7708882492374607,2.6662479257034435,2.6269995121809666,2.5931274486885707,2.5401475228917154,2.4911205463273967,2.449053339083317,2.3801052551834085,2.3452970298335196,2.316245442937633,2.277235707436849,2.2224099180579158,2.1883732330250356,2.159795054152069,2.11438076558054,2.10433391997396,2.061354127087181,2.024494304998872,2.014875649488263,1.982852450057596,1.9631897119913129,1.9363978723088748,1.9271064068986383,1.897854055709448,1.8842059675641807,1.844274278838378,1.8437070561887734,1.8314381849470838,1.8014049364393572,1.782104160254059,1.7624357218082822,1.7601914294799377,1.7333388244606827,1.7507881817605842,1.7019777646086516,1.7256211606790608,1.692530328770226,1.7044161994159333,1.6972485257523076,1.6739285808880633,1.6701754920394274,1.6721109480734218,1.676070967480958,1.643087181354874,1.6360662519802514,1.627159639272496,1.6439601138544386,1.6311672640451287,1.6176416584035374,1.6174960148316806,1.6217552502923411,1.6120205272982082,1.6096586639160122,1.6225583618802455,1.6041438582888126,1.6075329510324383,1.6450483348676919,1.6227626243609408,1.6251449502515887,1.6296197986681211,1.6107820528112629,1.627596729072611,1.6328240908098943,1.6434472275432934,1.6431432638332966,1.6469198924508521,1.6219385232109969,1.6596029428149082,1.6554316050290907,1.6543283193139078,1.6736849126393458,1.6974160723290186,1.7081805556289242,1.7073743046492744,1.7195693284244629,1.72122931867023,1.7429712189785902,1.7300294902335176,1.7626376738285732,1.7720607241594468,1.8020036475706014,1.8148657528002192,1.817473019735297,1.8231439968594187,1.853114751899455,1.8925679132205127,1.9031190017851338,1.9212914263217975,1.9410488014568126,1.9742811557856943,1.9941823405868957,2.0028437178914924,2.035637995602853,2.0554885356101367,2.0926851513918394,2.112539270257775,2.1603985676966277,2.1786214171420353,2.2460755476918264,2.2392008883747825,2.278036136933672,2.362344037718324,2.3783394240024784,2.440298249370286,2.493191318692819,2.538022855857068,2.604652959064126,2.646036874490778,2.7091473882399444,2.7814084380348976,2.8380017641632147,2.9271123577133915,3.0057384419292252,3.0796807860357274,3.1725395702144046,3.2964959631736965,3.3928500755720683,3.4699536324302223,3.6320343456133504,3.743414262856754,3.905094257357013,4.039635786199367,4.224189423261514,4.4135235510653645,4.606874423929386,4.837170283827779,5.090951814185389,5.372536324804658,5.6676366520269115,6.032582675820486,6.39995428425978,6.903591499178309,7.501492789674602,8.07087256105468,8.909387019594028,9.73459462877356,11.00032118547247,12.274495845369572,14.230832260674436,15.006736923136957,15.562785089999329,16.058279288287373,16.35578686485798,16.67413810108593,16.906609280250752,17.14431912714056,17.287733949481094
4.2,-0.007611340554360937,2.0,17.45989650972024,17.6150784462021,17.778506509428762,17.897352447618893,18.006396591331526,18.0821124316015,12.52149041303446,10.910786654963436,9.842201827186166,8.843037489865608,8.119650863588973,7.428419342474661,6.841331188938311,6.42977785530362,5.9613505216379,5.663277113896073,5.332716596400568,5.057433652585875,4.774109351022903,4.576684029789444,4.350004294960569,4.149106758966011,4.0200170685557985,3.8496169325649827,3.7249785505086335,3.5707256839318022,3.4656419703250396,3.3363235764762287,3.2470916317202194,3.1373546998176125,3.038092023263462,2.971594452955668,2.8774524030210733,2.8204118836012575,2.7269081345700585,2.676468206926334,2.611989797781005,2.5551464841990823,2.504027224673371,2.431407425639361,2.3856395478388097,2.33493715456843,2.315008460041337,2.2612613933253405,2.220051076542764,2.2052500109612487,2.157055246500114,2.1147143343888977,2.07591340454616,2.076160644830238,2.0375671324926627,1.9838882984515107,1.9701654956211432,1.9690737716132707,1.933528015540484,1.8908023200384187,1.8845823658803182,1.8800540811984836,1.8627361957869244,1.8134198820969594,1.8136021881707922,1.8099243196578574,1.7810669271081594,1.7665561513037153,1.7293743510490918,1.7569132781483932,1.6974342892891958,1.7055840731688092,1.7073037258362764,1.6651378440353597,1.6746125109946068,1.6675973782443505,1.6601530438020746,1.654101083472529,1.640186836757024,1.6449034713941455,1.609761311025326,1.6179871531861585,1.6313765464163947,1.5985242821781387,1.5916466184288522,1.6012556119219992,1.606994801380086,1.6061857848616734,1.6093880726179979,1.6065760162239493,1.587437481110284,1.5974159482658277,1.5864778777810138,1.582140587975412,1.5722922022457542,1.5922768407264793,1.608329059318789,1.605433441308691,1.6131828139385276,1.607759631997889,1.5813405862908703,1.593140671861721,1.633950518054758,1.6102327929044893,1.6263263815732054,1.6100892703739043,1.6429206134480108,1.6438997354244516,1.6497382680985055,1.6754438762642407,1.6580925050032103,1.682940893190086,1.6799072687111885,1.7022319922366522,1.7037261181009646,1.7145320089333438,1.7202442217341762,1.7266394046084157,1.7438702154267545,1.7798227606762849,1.7858986533503527,1.816079375494859,1.8180405416452188,1.8367885507413795,1.8713876415553508,1.876917776082759,1.8995090290842422,1.9226368995532817,1.943364013321087,1.9607467592872632,1.9943235651717397,2.0130525403762434,2.0657417967706,2.06637751441783,2.124741615738366,2.1271210133650773,2.1697365370296176,2.2176891079135403,2.2594447351019804,2.315402638167538,2.3437725389120936,2.3776829339895436,2.44226521254671,2.463394923144892,2.550816196928076,2.6095472515417395,2.6501729783185266,2.742345114936092,2.9351945889836,6.938374163100744,6.8798856243473345,6.841070999435127,6.8175077447958286,6.806756087850912,6.780178575521208,6.724710886267784,6.704763983697589,6.661515262342721,6.592809325839399,6.561067629867864,6.537183525612741,6.474408028110753,6.436054269537585,6.395850887252539,6.353091300088132,6.304141321317522,6.249973785644807,6.186120825176252,6.165088442497577,6.085802740528487,6.023350570632454,5.960877005279905,5.889111983655194,5.848005464333655,3.000738233427186,2.692213955271014,2.457771597744407,2.466242651677663,2.475529263057919,2.485646375053265,2.49661041963415,2.5084393845525583,2.5211528877083618,5.196665146135063,5.139159351798238,5.068247118804612,4.98901590631785,4.913610611666232,4.874429650733694,4.794530438877585,4.698938060820453,4.6449767863260085,4.585087663773198,4.494640577212203,4.440483135605273,4.341533104953663,4.285368563130825,4.190398845393618,30.02008400472426,4.06360987228286,3.973558279558388,3.9243059685620603,3.846989763972056,3.76091736829825,3.685712103105806,3.6203795225342894,3.5443193364976473,3.4833422800739866,3.43270165588647,3.325083320877329,3.264891009692821,3.206022007898728,3.1284688796394504,3.115133277842289,3.0093675461429483,2.9644340693404256,2.8778696707135505,2.836149383440053,2.77353855920709,2.723149197406036,2.6436910688657487,2.5982600849293154,2.555084626862858,2.4839425811019513,2.4311584970218783,2.3712750621400405,2.338147434247535,2.304968351159254,2.2729131375867975,2.234539880079498,2.1834419462702934,2.1745814790546825,2.1248112902801286,2.0814355507630617,2.049828316281679,2.050009764911555,1.9987348283242017,1.9686707699249688,1.9653142957317868,1.9284615388873072,1.9075559709138061,1.8749676293489093,1.8515417848267846,1.8360838821993293,1.8360039931398275,1.8079299978010681,1.7979760375374694,1.7838658472774227,1.7395558767420565,1.761800533896621,1.7343357574037368,1.7375566755817038,1.7258112082471846,1.6858752443117127,1.6930051758262785,1.6688204644580438,1.6688915955099162,1.6743397630358754,1.6826239494966335,1.6505784822664327,1.6669734102450524,1.6288390277837723,1.6361625832177726,1.6288855183752302,1.6132030520118161,1.622820083083119,1.6281318781487335,1.6207243662664668,1.616604755221161,1.6286262449182172,1.6157281490185578,1.6165749587089024,1.6221516452594507,1.6159285686805662,1.615780488247272,1.6171940405522904,1.6256267261688386,1.6074828098383351,1.6397911310610076,1.6052726886656012,1.629718338959687,1.6079657005091805,1.6359068203337193,1.6447289303547066,1.633547833039371,1.6507275415916813,1.6597786799458625,1.655208115872505,1.6612121893734106,1.6794378274080557,1.6542538962931161,1.6837994814461152,1.7064952105781506,1.728280065582655,1.728718588780684,1.727376656959942,1.741585163563678,1.7551574335614435,1.7714856095767917,1.8082479876636104,1.83291295008651,1.8191024853556041,1.842903799587415,1.8669275494974122,1.8614954787882705,1.902778932573656,1.9252792313705074,1.9466098672594538,1.9793031208917464,2.001752741460338,2.0215995439198964,2.042510565875972,2.0802241285722856,2.0945550673225144,2.14121524275752,2.1685466827452364,2.192231543038394,2.2468585585664624,2.269440790801709,2.3056368172752686,2.3867852970310115,2.4129329071080927,2.4676017971778874,2.525142702649256,2.5973331603080254,2.618948776866375,2.661654798707673,2.7510139009732004,2.8202622714806225,2.88341678781176,2.9760954790918173,3.0634801895896593,3.143859940988725,3.2511432895259738,3.3408128913767303,3.4405915954234687,3.576289263646275,3.696129551989302,3.8698327324111514,3.9967623286272502,4.154556669441225,4.344940304060305,4.545444313471613,4.786745815085415,4.989958514431577,5.295316119575017,5.570770695211481,5.961763854567479,6.2912768265759205,6.7825076761786,7.278268364853462,7.923348037015699,8.724719753536247,9.521345605792158,10.702175669779221,11.948676189182317,13.89316292989783,15.020900210818388,15.651467049984234,16.05954434891864,16.468343319250142,16.789878976924726,17.045987971826953,17.27549601474822
4.3,0.02446246129686211,2.0,17.556893429959075,17.758682601581704,17.928757065072514,18.059422507477027,18.152090948805295,18.25500875751503,13.522739671853264,11.684640495200433,10.477011237508316,9.33628554299066,8.38841856723422,7.783650024958046,7.134166843596714,6.691956739558937,6.203856487725211,5.850537873776519,5.464865618138362,5.228120962829648,4.917182824246333,4.668820558462493,4.466611961107203,4.250747332200751,4.098699635809315,3.9308137364997813,3.8094073306225775,3.6454363096951727,3.540951191177633,3.3919206770323234,3.278456429344287,3.1967677639562178,3.0982784911229952,3.011277730777976,2.9311549200474403,2.878165999547831,2.7776771955355777,2.7046524665684055,2.672557991647733,2.579847287106303,2.5370641044791156,2.4870577831258682,2.442338231291546,2.386840579877342,2.360936781420767,2.299105202171631,2.260569997001786,2.230974586302086,2.188226840454606,2.1397651636250625,2.101417888494242,2.081224284244873,2.0512942048560285,2.021268003049222,1.992118445979731,1.9921570043272416,1.9309971093352807,1.938198634186185,1.896784055593938,1.8806489782283107,1.8522838286900456,1.8311861308334885,1.8132243059422053,1.803303554131424,1.7717207395021959,1.7863820359163531,1.7610996816159967,1.7570349644731698,1.7320224258848171,1.7262437856302655,1.7061123977756165,1.69842168785283,1.6738343214113927,1.672653843503511,1.6571661759872558,1.6564494713125277,1.655994386064283,1.6468305705932225,1.638776373780705,1.617932762909743,1.6271198331643462,1.610832212573536,1.6111306246354162,1.5904106981952781,1.60706149678431,1.5985511420727303,1.6073573631986269,1.5990879693525824,1.5887145377016878,1.6009780730535905,1.6099768540702624,1.589518549833895,1.6036989219089202,1.5829840030951565,1.5978712582966972,1.6081681324960269,1.5918331935013834,1.6177588997695211,1.591882368351245,1.5974098705673088,1.6187326234238217,1.6169070513789245,1.606481217627536,1.6122306988427662,1.644262363287246,1.6435810103577209,1.6190791887866771,1.6570483539220515,1.6817460096634824,1.6786215395553123,1.6718550390380298,1.720312218734321,1.7034989321482454,1.7360135029977275,1.7101584425068015,1.7475563597439803,1.7798849421286334,1.7586247456267037,1.7776117141858732,1.797130205717632,1.8095070791738612,1.8544312805144112,1.8594294901987645,1.8515708739187897,1.910109072451242,1.9099755553815339,1.9481738074026478,1.9546231185933811,1.9672490890684293,2.0096714422769795,2.0293978978373253,2.0837121445648656,2.1117768955646636,2.1494547635485994,2.1604957651626546,2.1970932397540803,2.217873940461873,2.283176243018795,2.3221766569458224,2.359289903338288,2.4180203300807297,2.4520557610992366,2.5116675411897664,2.593903105607803,2.7179512007490434,6.765241968068443,6.7566926496805655,6.724756921293778,6.7187986171771765,6.692805414727669,6.633849196729697,6.598106571274878,6.593175259221959,6.552477230969199,6.5243167021905375,6.4707948794238535,6.425079080555168,6.371006893412816,6.3486279038160385,6.291936605928329,6.240765343080346,6.206602168787786,6.129556166633332,6.113358278975157,6.056626453458856,6.0154082706616645,5.962019022670138,5.881836015029525,5.829208260506444,5.7706527691432585,5.73734563050739,5.651343437991796,2.6849480678729023,2.462849175969265,2.375509688431722,2.385438423738147,2.3961837434873168,2.407763330090147,2.420196450317384,2.433504036535431,2.4477087764223433,5.040429163407901,4.970018320725583,4.916307497225892,4.851140846328324,4.766842440473341,4.732673204183859,4.667753603510122,4.564494568181808,4.50352704057325,4.429209879259989,4.347712705965108,4.2902707238421325,4.239494369181645,4.135827757299311,4.127281494177667,4.039689753090685,3.974269926524262,3.885592693705203,3.7997073714035237,3.7768549363618424,3.683990602995375,3.6072416412955817,3.548905593945821,3.516560083278466,3.424727740997105,3.3594408906574946,3.3227287066290274,3.2337744426730524,3.172123572908847,3.102509413039752,3.086392554304386,2.99310930281015,2.950568968694202,2.879543114833512,2.8561536980703037,2.764915625206175,2.6888037108340717,2.672567088763879,2.597651763578831,2.550722596963598,2.503289431049538,2.4595747295311656,2.403847752609378,2.331823368684844,2.320241109183767,2.2743883844330166,2.240679282689602,2.180342738514123,2.1655892133544024,2.1248948131056813,2.083592616149377,2.0454284275139827,2.0343051836457224,2.021082890801082,1.9870529215497517,1.9712756969803977,1.9414673004671126,1.9226828113349157,1.9042810153770897,1.8611278859676323,1.8650440889269317,1.8537678876393622,1.8199473260406407,1.792937116279061,1.7901541869173703,1.7777962494400732,1.7660140003222664,1.7350633279929075,1.742613119974125,1.7093591355471087,1.7255963294162786,1.7028692803523187,1.6863226942901888,1.6823114334784615,1.681516732209156,1.667879238227629,1.6503934033085126,1.660846508673436,1.6551803947769739,1.640655900743914,1.667459492997696,1.6059753504326306,1.6202417839333736,1.6224135085103903,1.6119574522026792,1.6117560252031315,1.6241029028192047,1.615484505688719,1.6025511609555934,1.600080648581534,1.5953189570043862,1.5914992474995604,1.6197945146380486,1.618986160787344,1.622787710213853,1.6131710985575571,1.6374307210744736,1.6236552956940307,1.6180105942692562,1.628434806342693,1.6322139850371313,1.6226824455257323,1.6602695733130794,1.6351306612851828,1.660987959913489,1.6463501144403625,1.663846659403458,1.6721373185063277,1.6781864045004553,1.6943203328285898,1.703652725564351,1.7221580189447683,1.744055636229467,1.7386372337868647,1.7851119710272196,1.77800158696904,1.7694833018773461,1.7984004503716822,1.825456813661974,1.8278672721232425,1.8634442047313822,1.8775114849101726,1.9024110533337841,1.9110895202489784,1.9491020595612445,1.974959601176398,1.987869843273952,1.9989771528230131,2.05484473774935,2.070372930788341,2.1053568645511813,2.1200272468641526,2.1631748067355074,2.2080313150505915,2.2383188174121704,2.2516573323611966,2.3015146094594034,2.3395901678765587,2.3711974224443098,2.441897340263965,2.5055007697027833,2.542251536193139,2.6078591081069127,2.665514388604021,2.7252726026664953,2.7825831088888204,2.8608305211586,2.926404577211826,3.037443935635908,3.0946531335238356,3.1842092002893714,3.2963280050177364,3.3835155312050498,3.5291721647798697,3.617517067240561,3.771143990397769,3.8989741058270857,4.067659865807514,4.262609149630091,4.437761641077876,4.68597465873952,4.857475869254166,5.139558261579978,5.39487274583402,5.752345621145998,6.065721024439464,6.5424297265778515,7.057478071313526,7.581061366699803,8.287279909455581,9.016798030947228,10.072144393720977,11.152934829098475,12.838473445241855,14.612117240621428,15.51592019347232,16.094646055014593,16.490001211124582,16.84168341686935,17.10438838890991,17.350805570439565
4.4,0.008960566131983106,2.0,17.87755129048725,18.018152513798153,18.190953790485977,18.32703672455748,18.37432411323401,14.334454270163409,12.576685000798138,10.953181273743187,9.912738255810961,8.875459721548076,8.141805478692365,7.476933186780325,6.861665863972262,6.450000272644501,5.995991842158094,5.6833002423217,5.343841643813771,5.0758146467370535,4.814324306328668,4.609324368770236,4.376114397665348,4.166208106090768,4.019354285678192,3.8754037196265205,3.7247348693189446,3.5817355663252517,3.484309941543093,3.364609016498067,3.2492687193970964,3.1470336039989,3.0577640532969435,2.99174124069194,2.8857791401751074,2.8215522086179274,2.7485937438305528,2.694688197199013,2.6165319341046036,2.5596845527915586,2.5135127800460055,2.460336317390955,2.4135757654944707,2.3495769121275605,2.325631118120553,2.282719694688355,2.252058132444157,2.1951805593339118,2.1607841181097798,2.1407856129466767,2.1095649812122517,2.080010026063288,2.0451850221065,2.0231592635888647,1.977945341192056,1.9480187675561749,1.9475635624166474,1.9148764865866545,1.8974255884192783,1.8824488464603677,1.852303991971515,1.8378701891923401,1.8264589477365287,1.794649850488723,1.778351354973336,1.7595818739962361,1.7732115757263356,1.7210857373919377,1.713815854341362,1.7107781123544896,1.6812250950025436,1.709253866583738,1.6696919355483006,1.6570149523385023,1.656761407242714,1.644920306428255,1.6244674067257794,1.6429911855601935,1.631582679509728,1.6226537502450222,1.6198139463635293,1.621769101815895,1.6184729275995986,1.6003820737422416,1.6036460623224777,1.600974694312818,1.5860811936354091,1.5900749489390658,1.6176801141403125,1.5974721199605963,1.5912145094841303,1.5963512138804197,1.6000248167343654,1.610528977682888,1.605779729234232,1.6063882863959071,1.5942717302292992,1.5840605948817383,1.5825592514078535,1.6101331175454285,1.632164640251524,1.6128942538004927,1.6333250965368005,1.63542254538219,1.6389063822923977,1.6317708967373117,1.6683931841427728,1.6773095204240094,1.6860673311753813,1.6816114758217564,1.6947370764448801,1.707811466805811,1.7036623953994963,1.6980123671823617,1.732152338344307,1.7621847234105,1.7687657733806557,1.7826981282510548,1.7932411388965817,1.8501902270620374,1.8359100703957167,1.8367764603657584,1.8505874966883635,1.8756346560384525,1.909722197100608,1.934952817127502,1.9770848217470238,1.9744171314736667,1.9986599720019018,2.0357377144734405,2.0642825861941874,2.1040303628176944,2.1236263863289033,2.167896027072546,2.1783256552256787,2.23208738732882,2.2662301437364887,2.3003901455003173,2.362702801741027,2.433657120098921,2.515601427399719,2.6803031723840673,6.6549179091001225,6.665382333004822,6.635223754505185,6.580966391575617,6.569199405987902,6.522580576228037,6.49851720159034,6.45176510250028,6.424655116573543,6.393817231990498,6.3522463081249185,6.312722301139781,6.283005882978248,6.229601025577419,6.184106212961185,6.153366675094652,6.093278351698724,6.050539475699824,6.005761329233319,5.9408104336430565,5.872166817564254,5.864441654665426,5.816233942686048,5.733944149199403,5.6787923725223095,5.641574930294777,5.577676518181182,2.7851151814516037,2.5789110149259287,2.401817320476221,2.2847653775894936,2.2960744233969153,2.308202843886499,2.3211711478910155,2.3350015475382544,2.349718055736548,2.3653465935428106,4.929918869073005,4.867998560595893,4.807714142002292,4.725533476992973,4.672694271664386,4.621234008571541,4.566499872586676,4.479428749631598,4.408052494466597,4.3504235783158105,4.290318606320049,4.205495843082699,4.177268439019754,4.095780339615729,4.052584657852896,3.9438570922045506,3.933430064366914,3.8237334731339803,3.784852453613012,3.70992204299412,3.6478985038858633,3.601816335342951,3.513954515638055,3.48558251349358,3.398116098187621,3.3457194012501583,3.2664067925160185,3.2288109255482444,3.182832358127615,3.1035092101163753,3.086186868433437,3.003826496004218,2.953126176331055,2.9165149793678378,2.8491030616054553,2.7861854101640735,2.772174735812714,2.6911462264177546,2.6632783316932596,2.6192022473874483,2.546584019772398,2.500697673122868,2.4578579131559457,2.4375335812025654,2.379617285955034,2.3410166669378167,2.272526064919214,2.252346673710587,2.2213222323726125,2.172702540298229,2.150608458336308,2.1085908564468103,2.0758261123721615,2.0387875795023565,1.9991898782059982,2.01219457413987,1.9464605352839137,1.9465114360226676,1.9029911116851943,1.8946880119883716,1.8729422535545601,1.8617683228360007,1.8411562935855563,1.8099831899437,1.7677355769961218,1.8010210028944984,1.7984719714454123,1.7632589579167575,1.754495694963457,1.7477441655642112,1.7359437419885846,1.7197670950985187,1.6894056383629485,1.7017649683163527,1.6800544304311091,1.6857287132893366,1.653830402234986,1.651906524997445,1.6564540396396488,1.6471176941774528,1.652053577475458,1.6415479615701423,1.6245152127075473,1.6394547340672618,1.6203415177745315,1.6050124928734464,1.6287263494879718,1.601996324912675,1.5978349083083663,1.5996122629943546,1.6037347611455102,1.6002174450879263,1.6015022159949264,1.5874985290977148,1.598253788783852,1.6021572766958156,1.610361873547864,1.6147554590175441,1.6281130883312454,1.635774432195299,1.614344331830308,1.6118859664380338,1.6491674688682398,1.643152510753245,1.6356333147438733,1.6364129325031216,1.6554272432900743,1.6680971735858066,1.6947520421745725,1.6906725512104568,1.7033951859664584,1.6876804753566075,1.7155354158023841,1.7136646270366365,1.7591176373935906,1.731717774296237,1.755116477707559,1.7727357390180156,1.7804378063292368,1.7969154852438705,1.833410261968044,1.843344064527751,1.852766590696507,1.8892325280184836,1.908861592445934,1.9127846443741552,1.9372167183684628,1.9574507009797375,1.986199817322611,2.0303076675638367,2.038616843034995,2.0593179227692198,2.1045749361456827,2.133934811054262,2.1667440450628073,2.1880122502146855,2.230701572913057,2.271291889717375,2.3313191538383102,2.3696925090211898,2.402157024591389,2.4584054532907644,2.4939359248889343,2.587079001220336,2.6170468417191284,2.6826061088792486,2.7252042736734152,2.8128176175113424,2.8684162918301266,2.9599117261894503,3.053673363233692,3.12881138977296,3.2417373064906156,3.3498665442501023,3.4484153752688713,3.566948393052004,3.68003387129478,3.8472516007693813,3.9806653500526696,4.170592722329887,4.315295151740793,4.520995431427857,4.7627727652971625,4.978985756573298,5.292051303324655,5.5656882742157325,5.948663561832274,6.275285142768726,6.776749586630098,7.344908387974336,7.894923130690537,8.699437682572256,9.502302617724375,10.69263216937819,11.920010515835964,13.845374408649047,15.27023547591532,15.990517074003511,16.51718121644884,16.839973329317573,17.20595365419074,17.456517837136797,17.679025298616086
4.5,-0.016425880080414613,2.0,18.139722022934237,18.316708801948167,18.450837502654004,18.580101669554153,18.65171659588627,13.647799358521983,12.013624359789853,10.532065560886199,9.564466163226394,8.587539536551978,7.812178096712301,7.285795573527834,6.705615917969093,6.323885250114376,5.875735413886566,5.576189583525424,5.235766117688139,4.993323997618827,4.746384906622966,4.499644842513088,4.312794163290475,4.114263548393214,3.960091142430658,3.822390000023351,3.677003954220561,3.543452820244865,3.445652406373421,3.315433303488447,3.2194153515873754,3.1517553697982716,3.0274480213339676,2.9665604499549336,2.8813167317711055,2.8133341840754524,2.733448422724332,2.683199687639236,2.616862497481019,2.5466219919068305,2.4966913556184096,2.448106934730387,2.387400609354775,2.3654510237311044,2.3121485850457044,2.279584101920459,2.233357546228794,2.1956675916290496,2.1705699061078176,2.121371008759681,2.118236893023909,2.0590422654643423,2.0293376153145437,2.0133728624602263,1.9740417262415424,1.9795092173563744,1.9377315223881717,1.9309782809469607,1.9029857450797525,1.8753520753952029,1.871387400543359,1.8391739664821665,1.8196266933529968,1.8068408291409344,1.7870052263218712,1.762789609582173,1.7723303550005278,1.7371621496159133,1.716359784326984,1.7097590626127677,1.7034320369919318,1.7186528221782365,1.6796018313434526,1.6957082462486177,1.653204188011262,1.6743603274549963,1.6410437735180643,1.6489144337976298,1.6448136983426989,1.6276713838256336,1.609657180711925,1.602947439560309,1.6169223910042967,1.636216280881922,1.6289893753219051,1.6075357208801166,1.5861995696788485,1.6113961828592334,1.5920797510061302,1.6085988911961284,1.5865087989594377,1.5866089246555706,1.6071511538990009,1.6012357280457943,1.6109921438138493,1.6003339970164778,1.595280574915118,1.5894054963997328,1.6277954245772832,1.6306101506046302,1.6163295882605113,1.626595941997959,1.646586291557396,1.637174312361028,1.6224513666452696,1.6681211539182512,1.6536237372480882,1.6832380857814466,1.6797462173068016,1.7162094681109814,1.7072258303012413,1.7235572648737876,1.7349101631193542,1.731102252577985,1.7445099650195728,1.7766483669694078,1.7888832924524234,1.7926330636319778,1.8106838490535149,1.8310038566918345,1.8504345278342926,1.8641808324382734,1.879840372168872,1.904209587903825,1.904659636961605,1.9284990799228763,1.9664326370684997,2.0049084969123605,2.030141139097386,2.0601416933579086,2.0633340550251766,2.114648585899935,2.148000435184867,2.1723649324803582,2.1903791374709662,2.2786706073293694,2.363765418970715,2.4283878706048436,2.6211245816960407,6.5643251943071235,6.544540127460847,6.504427084973902,6.4885017078624685,6.4258143306810025,6.434594278509077,6.399252492303579,6.3784312693191625,6.319968490536042,6.27795392139967,6.243315107766616,6.240047098926862,6.1805412871561805,6.140632382628157,6.079195802156075,6.032921292806486,6.009933896416379,5.944287845985581,5.906842188737307,5.858808756066509,5.829752964290277,5.771778145752573,5.720413764473198,5.661799665955222,5.62053857047458,5.5754529992573465,5.496844381874199,2.7083990033004413,2.555313830933987,2.4193060997099747,2.2977096352530477,2.188386259993845,2.201638548269852,2.216991808539911,2.2332460090051,2.2504311351621182,2.268579447437125,2.2877256413550557,2.307907023978248,4.7495141414905735,4.697616385529867,4.62506897351774,4.5721953161091164,4.5328981317266575,4.435332596575456,4.3893072048966495,4.345517768004657,4.257184646863828,4.2000023416755266,4.133994616809284,4.076859214136393,29.97967081004783,3.974473781816347,3.915642879053653,3.8643672367717636,3.8003855310867483,3.740050976364654,3.665925171662216,3.6184129477442166,29.997497952125304,3.509852154690476,3.4531094143905543,3.388590521521118,3.317032588466427,3.2700564737271876,3.2103958507083337,3.17957474517547,3.1097430565585973,3.060681334452401,2.9942056232861263,2.9596128393020567,2.8977380513865323,2.8479363326383518,2.810901199171187,2.76919259497407,2.724057485169566,2.6762163368331944,2.637914856117731,2.6032031390029653,2.538236650048158,2.495791088533723,2.4437594466782997,2.4107247599713655,2.400977859126679,2.3247058384071244,2.313929054539947,2.263784482273167,2.226828479145352,2.197649472141367,2.166672858993885,2.1258535295289986,2.0929897007432645,2.0746891209817204,2.0536872891010995,1.99851343528576,1.9779126442392678,1.960737369428409,1.9218000535428357,1.8913454880151412,1.883185935894756,1.8588191279669481,1.8530461145307888,1.8319694735786665,1.8067439851138927,1.7942853820280358,1.7777180080758996,1.7572788500672614,1.7618238544045481,1.7378750344905733,1.7226548281873102,1.7316510278090849,1.6862270315674004,1.7057489543883189,1.6776005631427529,1.672295484694643,1.6625366538934452,1.6628271102711514,1.6331913213885267,1.6370750372477108,1.6377026134283161,1.6309161294257657,1.6209376304662666,1.6217249616571285,1.637348084206508,1.6249723887525311,1.598740770267073,1.6022955042684899,1.6103048173739012,1.6016336319844684,1.5930219424763659,1.5851426726962667,1.5929949467189564,1.602651646661969,1.6152647191179046,1.6083475419797577,1.6022065616829213,1.6124021114053417,1.6104897298118133,1.596039394772663,1.6411023813811902,1.6256070016991915,1.6283677928300329,1.6232065847026818,1.646535075050863,1.6388569025403155,1.6495165191848524,1.6582346495551696,1.6478285534905355,1.6539885088519095,1.6867452279055106,1.6977349957776027,1.7197604228270396,1.7130716644081667,1.7528957913473293,1.7531189879041789,1.7346425114048762,1.7664142076266378,1.7848627015857128,1.7755423181200283,1.8059624850656404,1.8341594323573014,1.8490518772932323,1.8429167796134063,1.8624158537045041,1.8860651184540496,1.9303001732844136,1.9262613112133473,1.9384482795375138,2.0161070727648607,2.04796476493228,2.0486469710326247,2.072021863257405,2.1074257748556926,2.1575515971602393,2.183285469522781,2.221032913655385,2.231617014957209,2.288013080722952,2.308358496627857,2.3850942382935276,2.4047515601529237,2.454706146942422,2.517640580726579,2.578552627847979,2.641841350790071,2.6882365507681425,2.750957880142085,2.814377711259517,2.897645335261418,2.973068344464641,3.0522570406370706,3.1744549773840776,3.254593869188745,3.35774102547583,3.4727647673029414,3.611663767915961,3.706057435145705,3.8846920624616574,4.019065050564601,4.201831521898755,4.408858831873059,4.573195518115999,4.8512684927917125,5.0648302442556155,5.366790791379173,5.661030889016997,6.038935911446922,6.421736997019946,6.934025329266525,7.532098545316143,8.122377382836037,8.956795202599078,9.825268440893215,11.096646939735717,12.44151490739901,14.5753698724135,15.697117973370911,16.356558809519658,16.821671652441786,17.16953684407731,17.48226367395351,17.728261971451722,17.951816665846966
4.6,-0.02287906173503939,2.0,18.246513500248128,18.409860884340343,18.573391089253384,18.702743470608212,18.797236839153523,14.847706356114752,12.996969694249167,11.27466448139281,9.964346076571664,9.093625226327896,8.229749959001353,7.600412849676032,7.007778308806679,6.564816939993793,6.118782902798782,5.760134377264222,5.415047099849814,5.099546417460663,4.878120651444897,4.621630319272052,4.433133734931939,4.252709952408453,4.065550914596651,3.89547915061524,3.7620631892296728,3.62061421907764,3.5034100664886667,3.397560427165428,3.2844737596552305,3.1911389564518244,3.0746452560574697,3.0125690424862004,2.9152902764629336,2.850902710491552,2.7684200578122273,2.7027273608043725,2.6640112986526496,2.5881032837327433,2.5383991410156246,2.493742279063077,2.446423468070071,2.388083202655227,2.33206506935496,2.284836614952061,2.2486605390150443,2.2321205306827716,2.176861435803016,2.1699185483597083,2.1195761068289682,2.0982126375512986,2.0491113341368514,2.0257527118750747,1.992360134161591,1.993361884414975,1.9661894073840906,1.913041105379687,1.898544914390048,1.8970709504205228,1.8516833872167657,1.830732570756777,1.8394718989406929,1.7997343556626302,1.7930021493269541,1.786351724652665,1.760228489225955,1.7528597263765053,1.7288626145879324,1.7129750670018629,1.7361714144975988,1.7024982804300357,1.7038370586743394,1.6649890080557759,1.6826485505115716,1.669537512681499,1.6601060338103588,1.678458786846814,1.63185421669325,1.639128281488059,1.63669646774965,1.6169380778587241,1.6376695724077284,1.6112445983741404,1.6130251158341753,1.6135871470607173,1.6255575535677398,1.607575587255711,1.61005765158554,1.613610398694213,1.5901940604892626,1.6055855924187228,1.6074761201229018,1.6008594924219834,1.6120260086891574,1.585799978568195,1.610431555698864,1.617354568245094,1.625747563183083,1.6317123666134739,1.6231965489616555,1.6496172434022371,1.6584821618897203,1.648651115751951,1.6353910258242847,1.6422616934614307,1.6556797574868973,1.6860339775407502,1.6798263319971904,1.6781128462216046,1.7032246917959564,1.726371348895587,1.7274426068313746,1.7589589610240233,1.7478730980612356,1.756290549881018,1.7835081053253443,1.7716282701787347,1.7889187672535416,1.8136119041748562,1.8335361882167445,1.8535736276337451,1.8647916317605595,1.9072113021330335,1.9213553748285122,1.9327532046298501,1.962713435678609,1.9817486426381474,2.025326467119834,2.031943532202984,2.066362663574972,2.115372442692616,2.1713241956146954,2.188499742555332,2.2940509552927173,2.4012852684068395,6.4633739525129705,6.456972104727706,6.4048950078637,6.378465081941907,6.359004707335212,6.335105463662274,6.30984030908219,6.278262423801181,6.233580485529688,6.215156665914321,6.164421759892742,6.134053362742673,6.081052338381022,6.0479336778972606,6.019498582877026,5.983417856907011,5.918826861170886,5.881357446503802,5.82953182105252,5.801226190069914,5.727340413198603,5.702841606970697,5.685871967253163,5.633411107600171,5.547101720873057,5.501307159932666,5.437134515537665,5.421637368689608,2.6210175769055515,2.4852176291512826,2.363481337394546,2.2537691327708904,2.154418093813017,2.1032486374549277,2.119022157577227,2.1356897690772905,2.1532830235825795,2.1718358505635207,2.1913847318586144,2.2119688941293663,4.695936594455699,4.63483375353533,4.586793297275449,4.515520036100352,4.460887511581854,4.409963371806625,4.3382411408481465,4.302939911392141,4.224512699695468,4.18412375729695,4.136061790002065,4.051726778635814,4.012903407666398,3.941894547696987,3.8677085868357217,3.8458551510355496,3.7756873913040128,3.7219783267844453,3.6435043497524346,3.611949328562322,3.5397494781043863,3.5135710070921435,3.441104409153647,3.4006701373411223,3.3278591771592825,3.291387054207217,3.2223442714328483,3.1990382672961526,3.1118480940902966,3.076416922382812,3.008715736219655,3.003742590666018,2.940186598660604,2.915993544236559,2.8301640068564735,2.8079113930880157,2.768387500983137,2.700333420358009,2.7017211433040305,2.652289614721504,2.57320353995436,2.5505259510068132,2.5180821275671317,2.4469392015336715,2.4182063789536485,2.4115207779080032,2.354415854949686,2.3363437249358454,2.272766979595989,2.2492246523696764,2.2106083871221607,2.192075518180612,2.147146732870488,2.1297848166619624,2.091198126920054,2.0361522508955465,2.0263450845551363,2.0153513016505418,1.9871961950388588,1.958916641722814,1.9440281065641984,1.921323203372156,1.9018807368596997,1.8947840045476434,1.864509764224873,1.8363593692074427,1.81843002818341,1.8090823280486261,1.7971548850092303,1.7483306132248895,1.7519087773390476,1.7673243201989501,1.7125013203674049,1.7267301431100281,1.7122466506788037,1.713194416248332,1.6764371548595414,1.6872126179148446,1.6699861218536618,1.6627776361379865,1.6311289840647902,1.6360961416894289,1.6300096933598838,1.6112309954912005,1.6198792316922828,1.623378584567056,1.646647412279274,1.5943394711238572,1.5819845623385242,1.5880668004937182,1.6029241366185791,1.5912209457058963,1.5860484545726643,1.601576665955925,1.5956278413929545,1.6005406902987196,1.6001963976907767,1.6035172848802615,1.5982383897193522,1.6102894884666397,1.5844502890483578,1.5959046199371627,1.6138575467395078,1.6274390313141953,1.6124682540870086,1.6305980172051808,1.613840351987153,1.6312105349452355,1.665369785085955,1.6466294649413704,1.6703942779714405,1.6599753798345012,1.6465175999712154,1.696154985764676,1.67641162891164,1.7039216103314117,1.7033615595096567,1.707254114570677,1.7336199709927262,1.7335565683450278,1.7621100582676759,1.7883249009785707,1.7887370628761683,1.7875870820535438,1.822674394123532,1.83971163227679,1.8524141042512072,1.8734468600654726,1.9009529453482874,1.9382948732160126,1.9574226547898874,1.992749804327222,1.996229137619659,2.0252632624680373,2.047286259257975,2.0724317077012917,2.1226671755497803,2.1392650703998526,2.1739870230353895,2.2272913327066606,2.2511034645290064,2.3096218271000377,2.3431701284742665,2.400463136298246,2.4385697200226235,2.458204998293154,2.532212883173778,2.5990630025894794,2.6585137795857996,2.7321839272683093,2.7811008878317542,2.864181469215244,2.9315511839503094,3.0273417311371147,3.127780196082764,3.2032926212666566,3.2892437324072685,3.401796224918615,3.511378473384866,3.623154171588101,3.7671348812161938,3.9402339341333414,4.09726041928266,4.251708872710776,4.469937486538631,4.726251629671712,4.916566672166304,5.203735892952827,5.472998587825452,5.852108763357151,6.250787958663709,6.661775004166938,7.207583077090844,7.741037308619972,8.511333577656858,9.264900204137199,10.406374734136126,11.569257575261055,13.402908202754457,15.529245800884091,16.230118051112438,16.760602734341198,17.132686877439003,17.52403188577106,17.778329252535055,18.028187950603357
4.7,-0.03801709307763967,2.0,18.31590971822875,18.52953782381958,18.690769393136264,18.865138462168616,18.93529154841951,19.03999424335884,14.053901008222187,12.0867686179119,10.584085520381826,9.591942243200798,8.642083812510121,7.990464693881574,7.303782078789134,6.814453009280861,6.34770224070164,5.971823928966161,5.614262201652945,5.250772048200224,5.018644484457753,4.750765272122935,4.558003307165027,4.342897419192386,4.192726246401608,3.9933144299186725,3.8628319150834454,3.7017045203245544,3.546983345052053,3.4614351240792938,3.3397402737738795,3.2266826508032898,3.14025988076956,3.05237324210699,2.9955563910564145,2.9097577325538544,2.8180922040765126,2.7283488895143955,2.6619115486483067,2.611939491422526,2.5821958359560426,2.5117600237981264,2.448223238740451,2.4165837293871273,2.366100567077965,2.321743639168562,2.304734070687517,2.244095054769437,2.1964461606023833,2.19713160640795,2.149859582118306,2.0959146232991785,2.089005429497053,2.043149446995144,2.0187573755489794,1.9998802518000014,1.974213256975264,1.9366702758325829,1.9155726382340146,1.8901248389823921,1.8817535394349318,1.8571898870091195,1.8294625744099535,1.8166409914976251,1.8105874442759642,1.7982276269552073,1.7921256054386174,1.7563856738187764,1.7228076395086547,1.7147805902056237,1.712062145053595,1.7141869639410678,1.6889872535727517,1.7074184280340288,1.6672684076292603,1.6846656670336346,1.650388629192081,1.66650263519751,1.6656060862242863,1.6539419204824364,1.653132535404091,1.6308798929781352,1.615232773685005,1.6100685009708935,1.615329120507504,1.6228225042698758,1.6232082776289647,1.6376862041026352,1.6213074060106925,1.5927463760701062,1.589418027330202,1.6017889792138384,1.5883956363858616,1.5967472776418674,1.598825077116552,1.6047563328273535,1.613764988758389,1.6228256678847879,1.6149081326000698,1.629380758366981,1.624542686171855,1.6074140997928754,1.625946176865028,1.6450117787205927,1.6485547660365705,1.667346063334447,1.657195964856113,1.659100711344534,1.672853939930421,1.6765383210206566,1.7088357882785774,1.7047446679463916,1.7154698122137635,1.7462125987750439,1.7420769901951485,1.7596204469442558,1.7668823463426413,1.774574181658964,1.7943124869887683,1.8062482050620436,1.8501270144908908,1.8382676489094822,1.8727240435799701,1.8999160314428172,1.8988364399151623,1.9570533547294404,1.9388090289413211,1.9780903921179207,2.0150471720613776,2.0863680784915317,2.0879840617666625,2.181383877018914,2.2826182003538396,6.396515446172209,6.3666217252412185,6.335245389805096,6.31735091739165,6.28376551569983,6.261108084562483,6.2294199168988085,6.207980148950062,6.146676881058948,6.108155858120661,6.11005728521,6.0696289071035165,6.028568888336306,5.980893037073144,5.968637031237887,5.9188730858958305,5.862481326679125,5.843434633191648,5.774081824074817,5.721122720310486,5.709742805322457,5.638522496947382,5.5947506056011695,5.5796056072262665,5.517662685701647,5.472923198800038,5.393516417977644,5.361846618305361,2.5232853064148766,2.4189186474871867,2.3235224948185933,2.236020750795028,2.1555032907651217,2.081195175746253,2.0124324737152675,2.0152875188021193,2.035256468753023,2.0562579752445047,2.0783373461126344,2.101543366182387,2.1259285956914638,2.151549701848745,4.576866521547127,4.511419489747002,4.463138947500281,4.37133702283359,4.346442480056463,4.295168233713,4.21895035284594,4.1833180749442915,4.129170675897913,4.0865317026862265,3.9826478798040355,3.9653201400247364,3.908271077637634,3.8269536486577653,3.7814773431548456,3.7164055069173196,3.6784108803796887,3.618240073719362,3.59988042989944,3.5220387193655958,3.4760302041387363,3.411214614623495,3.3951786196206495,3.318735806529931,3.291970867139172,3.2381574066599796,3.1718652724868552,3.1273013672118037,3.0890922039580424,3.0465519627550206,3.0020058638478813,2.927808444673729,2.9009265833211857,2.8577187532679313,2.8199210618701236,2.769537028192369,2.731160527940264,2.6973524289313255,2.6706544952252833,2.61050816281787,2.580245825665831,2.540914122513227,2.5253976019621254,2.4662754834477765,2.4382681183602024,2.4061569964201266,2.360538912922204,2.3262574711913215,2.29613565081106,2.2869342663144225,2.2392418099969333,2.2014051893975433,2.1994066405622874,2.168535850261953,2.107020956358529,2.078853465399,2.07482808786079,2.065041706923269,2.023949887503605,2.010473028023645,1.9911353724684062,1.955756544457485,1.9294625448464844,1.9017177637934062,1.8862068140572483,1.8636931494134286,1.8406243451315214,1.8163100609711993,1.7925604525513317,1.7857106331714798,1.7850672423163572,1.7585665160375998,1.7391821605810445,1.7350968012577748,1.7053647202701416,1.7017972024919874,1.7023835843463129,1.6681683384344033,1.6725100253562373,1.6611943609423747,1.6680113219926898,1.6647534813571767,1.6307935257754038,1.6361205776922232,1.6349350281502038,1.6177423095586945,1.6338140406560497,1.6245601482768859,1.5674863913609274,1.5986391679257856,1.5934775211161096,1.609342066259219,1.5968518565862244,1.5991382558533025,1.6107273118701246,1.6010064103841302,1.592152921862188,1.5908177416196057,1.610562109628613,1.608042746762649,1.598820795425755,1.5847494741714403,1.594150114812642,1.6023944184931602,1.6120023103577907,1.6535149028438607,1.6315492427622604,1.6171727394344728,1.617477249464242,1.6312388134215174,1.6421702822613877,1.6385724493362586,1.6513834199418265,1.6792320635204594,1.69211207601889,1.6907549775998592,1.7036326490968787,1.7018367380943615,1.704867641086336,1.717841975490617,1.7418483741418744,1.7563674360428385,1.7677458357131173,1.7724580319667085,1.7825450232390587,1.8308841663329347,1.859350546060928,1.845902221412708,1.8790039310740574,1.8834125407124598,1.9361705588721525,1.9485630378587646,1.9472704620611347,1.984924150998384,1.994277812420068,2.049954660012873,2.064594674373088,2.109650606601672,2.0838878282780526,2.172344804626142,2.209443220724958,2.2530439048685307,2.284887226560868,2.3482047114296942,2.355543801882929,2.405795915035832,2.4694895511370647,2.507684583340478,2.5640015710856736,2.621258450296287,2.6999001370510904,2.7293494854876603,2.8396493746631575,2.8923475888071377,2.9589678728451405,3.0516519029442817,3.150340822780696,3.2353909709019995,3.3333404144995353,3.473772893360688,3.5713695330496353,3.6960576587776584,3.8577303416276982,3.9916079875998465,4.181600999780887,4.360018412271121,4.572000503737191,4.7906219410458935,5.042418604663381,5.292015909833848,5.645199010921497,6.036091247531828,6.407595954693328,6.905985424483077,7.397196870490974,8.086723876050218,8.772297419905254,9.779091034120146,10.822740857115644,12.391043523386388,14.532206791990095,15.936390552246152,16.67410609937112,17.1009998021825,17.52023114549498,17.844123752678282,18.1268476737624
4.8,-0.043718900183699165,2.0,18.26989632833489,18.452189785907887,18.70381156368536,18.87332172161567,19.01861035615628,19.148820774743363,19.248672989112237,14.041894949271915,12.332278195550815,10.780703454300484,9.76764616608334,8.779353186134786,8.079948175749225,7.403173913202874,6.904786872986842,6.401204613182413,5.949135442134759,5.654738406736278,5.326272764269036,5.04854930000502,4.8005080777665885,4.591014171797351,4.367523788235225,4.205672599260495,4.010231115803118,3.8572627285069983,3.7290743504807855,3.574093864405485,3.4804506215374267,3.365835999074499,3.2527952091715524,3.153908653516642,3.063929518796038,2.97435277963449,2.9183594210523927,2.8475459693636083,2.764332926583201,2.6951534420190275,2.650877383122637,2.5786060230456305,2.5103307958214978,2.4791293747396383,2.417628554961742,2.3733933613992257,2.3698189031353443,2.2763403012651757,2.2478241279087174,2.187438651392408,2.1930480673437165,2.1311454344167013,2.117861838728107,2.0790846421479037,2.0427628866594123,1.9842794129248276,1.9995713931853012,1.9650002006637637,1.932722650636323,1.8956378461164245,1.9009356597973623,1.889264287382547,1.8574248246316882,1.8440438109098027,1.8187415054565048,1.8169287116820192,1.8118959327007902,1.7926515559680625,1.7693520611211773,1.7471370314011345,1.7394579386810638,1.7123499011370105,1.7185750625964191,1.7149754135215522,1.6911464375287264,1.6899241901908204,1.6749162478089308,1.6537259848747772,1.6833122306237194,1.6569557186840995,1.63157789214622,1.6513458715744829,1.6332011648816556,1.6072182467473284,1.617955333388159,1.6309947617689353,1.6257304107284178,1.600683677396947,1.6250168955382085,1.594414246697376,1.598094983252203,1.6050938441016456,1.6115054570751934,1.607357175272042,1.5870346331689413,1.6070976395060954,1.602072498067026,1.614630746699217,1.6176887908025444,1.631126827714041,1.6172500645775318,1.6227136317271167,1.6096297096485788,1.62363027604171,1.64079104130032,1.6321709177029295,1.6612777434101154,1.659435491363278,1.6737215331903426,1.6849893574580745,1.6835818789081605,1.7039670094280908,1.7095090177990833,1.707987414322123,1.7234245511988289,1.7176969188781814,1.7274950140068484,1.7702948423616556,1.7723890159966995,1.7881917322800271,1.7988766420787732,1.8009546409615615,1.8277169773480035,1.862221807833406,1.8977542973091108,1.923591371544258,1.976414623232961,1.9946449403299937,2.053958850549099,2.170063210312201,2.35423914452251,6.292953983427777,6.274095421325597,6.257546794441112,6.22658677421704,6.192900226353371,6.1517554737918685,6.116223562744804,6.102478302179183,6.069937335690482,6.0406391470501815,6.014289247505615,5.975361829463645,5.917260104712484,5.893401268482765,5.870471868138266,5.791678109042731,5.808817943459699,5.747305368690671,5.719186997357064,5.679934124052641,5.604882569010016,5.584475645501477,5.527924180114568,5.480392837675024,5.453352746090723,5.402929653070039,5.337004828703005,5.3129394490028945,5.258678006799155,2.335827947526932,2.2405070244794927,2.153291253983498,2.0732192220816854,1.9994762258647734,1.9313673385397738,1.919885368542449,1.938351383910663,1.9577784479986355,1.9782077788946228,1.99968374127802,2.0222541120012343,2.045970374843049,4.523411903916653,4.47489256940021,4.423049489181083,4.373958372668754,4.30197163714075,4.2557330808466105,4.195954680841146,4.127233344176272,4.1117537126247585,4.0410956696584535,4.003338409610223,3.920966980984603,3.877057450664397,3.8502310613862303,3.7774325250043357,3.736003610350322,3.6765556845682403,3.636707258870895,3.5736200185952347,3.558931345418569,3.479602247381251,3.4089705155815864,3.402486052007594,3.3373025632010553,3.2824271588733587,3.220570463542061,3.185342816064228,3.116927799320245,3.109765706673066,3.0592680322598222,3.007736161900405,2.9949821716340166,2.920642197879707,2.892064914208174,2.8431526254706734,2.7951406889032753,2.7662609292411724,2.756220342598353,2.7050287733508913,2.6356305077390636,2.6149660198919835,2.5522408033506414,2.5636831040860564,2.5182971736355766,2.500258399415735,2.4566610211790465,2.410883535097561,2.3841235047956366,2.362458093335116,2.308809124002841,2.2955939433389196,2.282819386620728,2.2311391876142967,2.2053605186139342,2.1864459575438144,2.1411720231834765,2.145218762181897,2.0876402032472936,2.0829245985740785,2.0504996416810646,2.044239955272772,2.0074994633469667,1.9618695716285366,1.9710881610519344,1.950389044909959,1.9483376697105588,1.8886719170156943,1.881853896404688,1.882409494562564,1.85499037980692,1.8115682758708356,1.8154930701194505,1.8077504255064298,1.7727887527754045,1.7519866889596216,1.7368086446584319,1.761167603837692,1.7247265311188023,1.7271765653504905,1.7029031391097478,1.7054995044223882,1.6831825961208464,1.6710773673096875,1.6536740447041403,1.6569939717426387,1.6211262686522354,1.6442839772771791,1.6383243906964542,1.6043768983424327,1.6393950321966237,1.6266897369925233,1.6311126433958865,1.5923109474408566,1.604831198287381,1.6006167501122048,1.6112992174026661,1.6034090196951059,1.6031524810233186,1.606830091133189,1.6096053026264527,1.597004252609497,1.5889978091350443,1.5910140733852198,1.5958046914553314,1.5912089910678389,1.5972157690730497,1.5904689986892162,1.6009455739090765,1.6206346647819168,1.6174414974232298,1.6359448238282077,1.5969921840526409,1.6400550850067128,1.6345812993550497,1.6593320717849596,1.6624618460684577,1.668722717312955,1.684795569297074,1.6889324528425165,1.69769197482265,1.690312141426367,1.710623183380329,1.7106476741804788,1.7382005395780546,1.750404092992244,1.7698280565095683,1.7847398323978059,1.7915609826287502,1.8243034733002481,1.8437586767009624,1.8375838737523196,1.8507571419235413,1.8782899701650686,1.9322159011045377,1.9491526544211386,1.9595724555979166,1.9686488257994819,1.9948093505279996,2.0605613515884764,2.042910662312799,2.106241356027653,2.129144107470045,2.166074041929915,2.203354404190076,2.230281783540772,2.274505170849146,2.31015695963589,2.359449639777882,2.396313571901695,2.457095300673325,2.4772490207772115,2.5784894768620386,2.612988605848665,2.6702133287500502,2.7305697792565633,2.795938774882091,2.889075267450402,2.9438626955024216,3.0355554525402297,3.111859477663637,3.241531909555696,3.317816166992582,3.444399021928307,3.5970503846201516,3.695931500115092,3.8368318830151407,3.9932285080172867,4.156938179853452,4.32251078617767,4.52546535878026,4.749695045465094,5.001370097550043,5.295226911989091,5.587948544628994,5.963216542941451,6.330528832696421,6.827976749379111,7.307161057290069,7.9852942896330275,8.63104208235533,9.630600864986976,10.834992759202995,12.128770995500014,14.143478544620137,15.935855014631628,16.750894881533156,17.189747983769536,17.644067563231538,17.980250085415015
4.9,-0.05826753382978884,2.0,18.04380414401514,18.385835808759204,18.653230438844673,18.85984372798062,19.061366966120197,19.180966887431445,19.32291725576306,19.392388865557837,14.80263139186486,12.928086842816588,11.221040828789327,9.930274509109264,9.036128687907238,8.186051657877806,7.573722246008542,6.97327621988823,6.526635524976538,6.073803836862182,5.760119742792897,5.395807900519589,5.0838256776251685,4.842406801689926,4.594009164757663,4.406109339688686,4.216114112843932,4.039248631155868,3.897146472635474,3.775867356495466,3.6151914452565412,3.4766965282376985,3.383821904537577,3.269814439091847,3.167577905173102,3.0813710371511243,2.9976770270195825,2.9290846460516566,2.8402368263144675,2.7648067542616896,2.7083928262303716,2.641519445111086,2.576831356981712,2.5140789281194897,2.4795473988949923,2.4043627482307857,2.3641693781992013,2.3319686075969734,2.2866589811412177,2.2336302474801992,2.209459857290344,2.1635921853036093,2.1398903903448345,2.0928949414558624,2.0738445423468854,2.0391257108771437,2.032393092091401,2.00388458085131,1.9519085120662703,1.9361349580880776,1.911142646620764,1.9017784224939507,1.87999070483786,1.853085727023135,1.8442248958396616,1.8117809740630177,1.7924350240312235,1.7845979536287924,1.765566474754148,1.7597527107557056,1.7454152901962163,1.7559885273182347,1.7236078419727399,1.7064420598481256,1.7110539216643346,1.6821494179305025,1.67657323206799,1.677056071872536,1.6529088310214082,1.6768777759075146,1.6396270352776887,1.6344270925100626,1.6380371472111523,1.5998714084856347,1.6307382174663825,1.626411915841933,1.6180033614335056,1.624054563771396,1.6078675214443032,1.6073731017189827,1.6007527139912059,1.593939315912521,1.5815933961761195,1.5937138518648113,1.5866206023836795,1.6093422984883963,1.5848086156842358,1.610059909198722,1.5967570241924405,1.5905648883905914,1.6037564561394493,1.6257783769471024,1.6239592813185484,1.6298701376944404,1.6177173587919003,1.6395545524377075,1.6305548477189817,1.649105461539587,1.6402895467788894,1.6647731784757538,1.6667215149122767,1.680038170180437,1.684539628152838,1.6919903484752414,1.6987600066687119,1.719734546681258,1.7122225877147763,1.7587521207789092,1.7607793180301257,1.77207298311329,1.8067258601992935,1.8285185097921606,1.8505629518295712,1.8994203823193647,1.9193829983325452,1.986264575161144,2.0703249600522344,2.161891486908471,6.245862224649811,6.215861697433887,6.190931668488011,6.1689040772803185,6.141379693810014,6.108970344235638,6.108927185702713,6.061600497149668,6.041527001756278,5.9975579505699725,5.974488727885949,5.947927904928848,5.8909979899569205,5.843210378924808,5.835441056976684,5.7804520993773965,5.74706380229113,5.69418890418552,5.6667532540255525,5.616104074510351,5.596484931863206,5.5511259987600745,5.506215068073328,5.457054904573572,5.417981802916026,5.378511308746611,5.318565722042332,5.292374930520387,5.227397543168579,5.170514527656559,2.321014836892359,2.205079873895834,2.1007855493749954,2.006495172304054,1.9208655486160147,1.8427840373860584,1.8378405056490303,1.852737527485911,1.8684520400413,1.8850147299543236,1.9024585920320198,1.9208191062600315,1.940134433297188,1.9604456306194156,4.4377044357028375,4.343989197473516,4.3286652240106696,4.279661586235085,4.23512987146815,4.162480664448365,4.12518855555156,4.090422298873138,4.006620831990051,3.964383705538947,3.8968806670968767,3.8712382280091697,3.8127937853885205,3.7635721334950927,3.7346432115954733,3.648187349210584,3.5997171278443205,3.548491152477993,3.5346439259302285,3.4754389665302576,3.448593012565308,3.380181722025859,3.3438992845862536,3.3107404223729087,3.2518015450358426,3.193250749915178,3.1435477270540493,3.1066895700689234,3.069109895511133,3.0327102136180066,2.977642766580097,2.9284264018569734,2.892796347113001,2.8489195192301455,2.8146947818971593,2.7962519508121435,2.7322046210109914,2.692576567161329,2.655710232044501,2.6500002733721177,2.6392186405326927,2.5519712717545753,2.5251626669329967,2.4849433190164643,2.4718128291723,2.4273277470519683,2.4095320598209624,2.3846089824643744,2.364995141678229,2.3273028996518126,2.3102308444755186,2.2557052548204695,2.2592628832123034,2.2138157270822814,2.1900912770594863,2.1865046047668657,2.15099613892055,2.1352646930325956,2.1237258212540344,2.084440799192649,2.0596391928229196,2.0227310469646644,2.010324493210414,1.9988344045530329,1.9602072200215008,1.9437636144949437,1.9376393071836686,1.939120878617521,1.8998925174634382,1.8605407141725923,1.8620461906604742,1.8664089446651837,1.8613452718353058,1.835844709271442,1.8015654387144493,1.778199400472473,1.7910084833961155,1.778450517194803,1.73851764428894,1.7458893836269949,1.732474844294798,1.7260724451693177,1.7066329981890331,1.6867215564465556,1.6746968722879014,1.6916811320286567,1.6625788409750508,1.6572394782450193,1.6418565830727117,1.6550620749160272,1.6441924101723653,1.6256186047275967,1.6110986028989767,1.5987557394313205,1.599929775537356,1.6307050121439508,1.5818352516605796,1.5977988754482495,1.6016101951878914,1.6022286807102695,1.5984247891370005,1.5974167170618003,1.6020996410211605,1.6072415413800982,1.6099675387995187,1.6004325067072662,1.6092334650748437,1.593119746428662,1.594347404914349,1.6195335577475323,1.6124262934861706,1.6407821680751342,1.6197267707061764,1.6568332502907615,1.635472698126411,1.634268992256564,1.6552214932082299,1.6513763947148898,1.6616592517717437,1.6824402032866586,1.6783905545063516,1.7018106879308406,1.6844531058434151,1.7217494474544481,1.713055404706181,1.7521922601723021,1.752307393112784,1.7625244028161497,1.7696484428604644,1.7946960485375478,1.8326160310312007,1.8275679677605916,1.8392246268562251,1.8624771576244301,1.8966898329274258,1.8985261949236494,1.9347525454829728,1.9570694679017042,1.9758392680651427,2.0104229875612076,2.03597037290407,2.0569008467587393,2.10145066732791,2.127762928640416,2.1590878102880127,2.199616653626413,2.233071306035855,2.2749783219089936,2.3053295049756297,2.3692973655503526,2.4115501403271287,2.4455982860427863,2.506183561891274,2.5264852577799926,2.6048280637458396,2.664814797829985,2.7247504488706276,2.8201516187396543,2.8620226889349976,2.9585950945865873,3.0181580837052846,3.1222486873659285,3.1955141045504236,3.3395113585560243,3.419313006489706,3.532019853207895,3.6637533572294294,3.79858797005625,3.9895219536289517,4.088523972786755,4.297677454181817,4.483942051304557,4.705367704376379,4.9231661698742135,5.234366175786335,5.480878098379699,5.863390073269067,6.254440902085567,6.6640247545927425,7.2376800701085555,7.751333575571029,8.512023212815643,9.281692334961424,10.452565390265836,11.873269516650526,13.451608023916922,15.825574169115468,16.673302632021475,17.3313611982134,17.68314175088178
5.0,-0.0760292128702175,2.0,17.770732340957256,18.096456055801056,18.48311768809004,18.72620674943079,18.977983476969445,19.146754287523365,19.32326254224868,19.504356665472116,19.597254604687226,15.61756164305472,13.528089087970121,11.669462434849155,10.4620366870106,9.33419236769634,8.39184294377948,7.762372089288606,7.111455105202268,6.639642978627015,6.192761904105564,5.838800356367833,5.477208883057877,5.19670017519902,4.9199528930167835,4.655789371484185,4.466930229338935,4.25770921562407,4.100566590156038,3.9270393075163166,3.7773724848273433,3.642939316716779,3.5098592772674437,3.4018610549941144,3.2765130790979065,3.1935019813342413,3.108606645308977,3.0184262662755508,2.9288751225269607,2.8424136543240834,2.7896441543285726,2.732734812991802,2.6352539996521,2.5795354628567266,2.539926631630065,2.4692483804781404,2.4316674760784287,2.3766589557060414,2.343405772754314,2.3074372832091266,2.249060733885976,2.217530048577986,2.1891356989591344,2.143687360624188,2.1092330277601934,2.072220801481145,2.0392893087503072,2.0337927019563176,1.989898305889453,1.9496751760411897,1.9326007069969813,1.9230732964569337,1.893286892629668,1.8789506832622525,1.8835631551351677,1.833785002666248,1.826134001485617,1.8099862636536388,1.7625727815616978,1.7613752159795224,1.7821794388460257,1.731553059776609,1.6959264170654993,1.7082769690221216,1.7065436756783627,1.7102024185862092,1.6836180402384984,1.6798890984537762,1.6686841322326604,1.6798563491960998,1.6407791085841665,1.635167223980987,1.6178063896890857,1.6131133603433254,1.6288602279711093,1.634047375020395,1.6007665062956453,1.6075463578959088,1.606756592184684,1.611165059725701,1.6231689605221096,1.5964736111048299,1.600963335975879,1.5799822474480747,1.5760674185697292,1.5837138645581006,1.5849754431497942,1.5792450667183449,1.6101981557598943,1.5946628054641747,1.6132582013316241,1.6009065202547184,1.5879749639980931,1.5891246357007973,1.618480561887239,1.6218050883535235,1.631438276152915,1.6400127253613719,1.609221236037273,1.6455509148431253,1.635085151928049,1.657788089808954,1.6698030735309044,1.660997533560663,1.6530084910678107,1.6875161116826343,1.7090929826865011,1.7524388340537715,1.786486084036955,1.8058290492559212,1.835522243738294,1.8633269583840784,1.9144102142281334,1.9682870459717732,2.0439179201835054,2.235554646638806,6.177781549549706,6.149833630898586,6.119294255881198,6.086940106316411,6.06872206742484,6.0342397468414335,6.021127118417517,5.988168915900577,5.9575360304538725,5.938559536858055,5.907975108196159,5.826051468011663,5.83075771047196,5.772867061461493,5.753194459526726,5.713201413890186,5.677015381601207,5.657839886472408,5.605015392192658,5.559822547005658,5.527902661394996,5.487304356290416,5.43405475463501,5.384832740353732,5.34320134419521,5.312705447285629,5.257535878646822,5.193014542709933,5.147404461067186,5.130821250820423,2.190016971957797,2.0920707728849526,2.003094859210213,1.9219402688744665,1.8476466241250398,1.779404985548595,1.7451527446962158,1.7606692213331288,1.7770104484443732,1.794209712291926,1.8123028147601656,1.8313282765343968,1.8513275620301632,1.8723453287298049,1.8944297039671756,4.333394008902759,4.289469459873071,4.231348572032134,4.173179343487296,4.104145276945647,4.0713607136085415,4.023389992941077,3.983133371101338,3.923168082407718,3.873817761172358,3.853504300130671,3.8072828905908476,3.7348080066609937,3.6752927806775957,3.6317659967183147,3.59785606522147,3.5450321909505216,3.509404312665494,3.4416899053567387,3.402174886428341,3.346583737607101,3.3175175307385567,3.2826917946470373,3.2241109913252988,3.2069688987619482,3.1412583141296797,3.1149883205046014,3.0704451691757892,3.031298052202465,2.9794596852730675,2.955044222140705,2.91993319444533,2.882147103024346,2.8368138666997944,2.803800924747883,2.7502673905599417,2.7228079682570754,2.70547004876095,2.653647724512731,30.005150351844996,2.5715573467752786,2.557631853392697,2.5428843929755494,2.4908933721388746,2.469437032100803,2.4205616474970433,2.41287734035916,2.3820902880955614,2.359728254598981,2.322620071379599,2.3011154310615853,2.272353323092003,2.2554592258274924,2.1938709765308078,2.195102363201934,2.1893784289411764,2.1510215672290167,2.138806371745675,2.0870845926138437,2.0705597127640996,2.0782140580422532,2.0343455434516486,2.0312865641453297,1.98682928517874,1.9910481924910666,1.955750645504873,1.959001213300509,1.941626069896909,1.9179115436125744,1.8936921086285925,1.8969670661217726,1.8716237019774034,1.8470558277412463,1.8363297091563777,1.8484836914066685,1.8202267658817108,1.7898420469927259,1.7714995039660264,1.7557205792210635,1.7746184322756684,1.7618392847562967,1.77041356585148,1.7475367436074427,1.7081482028067831,1.7042145633659607,1.6978690310639806,1.6919093859895866,1.6828867313665823,1.6787468791511688,1.648349844426167,1.6564314050457891,1.6522162399320512,1.6445286667955905,1.6500081927466987,1.6506898907992424,1.6334538181534384,1.6127973007049166,1.6286617172327844,1.6265825958025597,1.6344473113901934,1.6140756917729815,1.5956536197289772,1.6210352622175206,1.6327194027217227,1.6246438048421028,1.6237371308532507,1.6326809124014772,1.6137999493782864,1.6170359607157268,1.6065731723812133,1.6226345353442968,1.628755853728092,1.6186500825097965,1.6451582229931152,1.6295367193022385,1.638071466249015,1.6461796372798676,1.6533067809667061,1.6559649964666707,1.640911940514472,1.690537132331645,1.684374046842967,1.7042067421210985,1.6935446492876378,1.7210886131139997,1.7210769714927043,1.7442262818740386,1.7416380850502067,1.7518632122539775,1.7842478830935649,1.7914572434409757,1.7846826211745885,1.8384834403585388,1.8459471951202018,1.8704081403965476,1.891121737358452,1.9188982878357232,1.9241530214119587,1.9576010720713357,1.954783774550089,1.9861158996705208,2.0044658421447545,2.040521787649754,2.042314524556231,2.0947536108686156,2.1165880092854605,2.1737287621007413,2.2044754723455746,2.2196939782753558,2.2532716200482836,2.3020455072313992,2.356382384056256,2.4052531098023966,2.4429896589896507,2.495598793229883,2.537812231603809,2.609431449108783,2.659938412599222,2.724207153073947,2.786013361209242,2.8494694634038447,2.9172725846140177,3.007779419294387,3.0976708810929803,3.1935570319812947,3.3039260426728236,3.394311499160168,3.5298122142632615,3.6425440903946944,3.78051408105353,3.8941994245960263,4.076863722070057,4.258442888266224,4.456021784057174,4.661708732210796,4.886730272427757,5.1528392649587875,5.421194839252045,5.763708020437071,6.099199338698004,6.5496542238652635,7.076783850861755,7.575466123421779,8.31076640322617,9.037097530943806,10.107852678287886,11.176590716875754,12.850386850705641,14.693541785055888,16.608018900056464,17.34944090866193
5.1,-0.08664417774885913,2.0,16.8289276391408,17.553702983832203,18.027360020736904,18.3852411913619,18.749400629807806,18.967607467165188,19.218187521532933,19.411174526859018,19.56775426485529,19.693779501997255,19.81321502032892,14.976018381544945,13.02001902004792,11.265988383473811,10.122984687106541,9.047297643038837,8.304170928133807,7.561694345567266,7.038121328283597,6.517554386087277,6.069794955934259,5.718689747250254,5.35613078424558,5.10661424826918,4.795206702567302,4.592214581296571,4.378664164170861,4.211710391220257,4.036669176877951,3.828459259384948,3.741711449685854,3.5700848989592795,3.474638485927076,3.358945623076591,3.2449635475302325,3.146733855008563,3.0582774376207387,2.968953179177541,2.877330865451945,2.7922569032881683,2.730995392006016,2.6729263972404413,2.578214555974464,2.567635377700414,2.4994256280472897,2.456233996782624,2.403528768070137,2.343208804013102,2.3010083070988454,2.25895599314001,2.2079128930045435,2.172430283322646,2.1514774335910793,2.1314851292292065,2.0822789665966726,2.0327773208532767,2.0243601594052136,1.9997197732391967,1.9614498971086873,1.9393501752552456,1.9164387235141012,1.8927049849325501,1.8889125210042632,1.8715629101632123,1.8449973153471448,1.8289723005443201,1.775255590692863,1.7606426874213272,1.739119012379379,1.7427325559890963,1.7405180960517546,1.7135853106870498,1.701619777777435,1.7087861354968266,1.677020250733652,1.6940761898805217,1.658871037660398,1.661243591893556,1.6446643117209312,1.6220584157497568,1.6288785369012782,1.6200642905025098,1.6124261924928673,1.605642496642294,1.6073757256004064,1.6008843291714572,1.595891001865784,1.5783697360088522,1.568112809233031,1.5854933154812316,1.5850986965062195,1.5827223164531987,1.5785717634333007,1.5810029813792092,1.5708750678378687,1.588034715403143,1.5838409255775074,1.5697592792723296,1.582245729441543,1.5716129285852762,1.5700442514765929,1.586224881624444,1.5796961075217033,1.573751509831255,1.5837971344116344,1.596905305957233,1.599867067910604,1.608068709341886,1.6283713839958858,1.657888994526333,1.6613677688012247,1.6812577093625347,1.676009109466215,1.7083954730465554,1.698732003737187,1.7507615794150846,1.8176792588042725,1.8562208505349485,1.8777591466347658,1.9809026437563384,2.0603376517952796,6.16655125845851,30.006569110615814,6.104592694043953,30.008290003132927,6.051260500695638,6.0089276454568905,5.998864857104272,5.945851973014537,29.997218111900445,5.899467469504537,5.879917845452316,5.82515393813159,5.801402009495771,5.770809714979162,5.722965217510524,5.7043377919994604,5.664671831277794,5.638667617515429,5.58595481195386,5.543056796667095,5.511633601956344,5.468206119905832,5.403904645620679,5.359705274667105,5.331068992031673,5.297535095335619,5.254560012575848,5.214346398334361,5.156974451963291,5.118044405310714,2.1202180419320196,2.0358351337750147,1.9584858302587433,1.8873530606011746,1.821741994941466,1.7610580278114603,1.7047893551240028,1.652493064161979,1.6627104608226213,1.6804276655671633,1.6990498299389771,1.7186189266779297,1.7391802017710665,1.760782467219086,1.783478427258337,1.8073250424977063,4.312330394124212,4.2336459768519,4.198112473760929,4.147887523549488,4.124800262827002,4.034097861473751,4.0102682148970485,3.9696287697213344,3.901453362953651,3.867282948919225,3.8259683954778976,3.7906393782185113,3.725841524139603,3.6845128738068182,3.6341669691122753,3.5988794288329413,3.540040920499966,3.490183049996832,3.444555414081293,3.4038290761657954,3.3589474634908103,3.3343046129135328,3.2771849700921294,3.238670514335146,3.2025550335272372,3.164989743797074,3.1076457654982983,3.070406922894642,3.016108742129705,2.992431431136077,2.9296708741562303,2.9089044668051676,2.888421424381348,2.8558417988998905,2.8244544244815017,2.772300821095588,2.7309290521437144,2.7027223928234676,2.6751240267011633,2.6131683986076437,2.6119495936396406,2.5619751895515606,2.550766989875696,2.527551707142764,2.4656711596451437,30.004901564311638,2.4334556893540666,2.407610029123161,2.3779876263131254,2.362916745127952,2.3124969016809183,2.2941977846904393,2.2629675082437943,2.2252253642590674,2.2304211737175423,2.2035539854798083,2.1670949960398076,2.165518787245191,2.1153684087436453,2.1189578618363925,2.1039289716008707,2.078227342538508,2.039951565566632,2.040078114156007,2.031636629298134,2.000979046041237,1.9703132071987401,1.9614450862892254,1.9537989169967203,1.9397499270498506,1.9146940256248959,1.9114627004601927,1.9010294710259794,1.871575763711895,1.86446737686239,1.8600520740862032,1.8526968070040637,1.8301256500729404,1.8080886160626046,1.797935515859782,1.780811148029403,1.806458391572331,1.7565787977243446,1.7878044553973882,1.7674686948334821,1.7305240341569028,1.7509220657875064,1.7162943014731655,1.693592407140641,1.7046152676229924,1.7173167284523267,1.6941702472380202,1.7017172673114689,1.6903846069395172,1.6781288622611694,1.6961422771837553,1.6478678162165648,1.6452175050619016,1.6549678428302341,1.6305327456597025,1.6205200724971585,1.65107886458758,1.6452675614026755,1.6426540289977996,1.6326277870010313,1.6562083442067534,1.6259384478888697,1.6179306070212447,1.6350212749494488,1.6205541338993616,1.643959447702487,1.653417492766653,1.6395924492149028,1.631288095484483,1.6133520174268337,1.643753430540682,1.6493258101507222,1.6493795332419756,1.6472130718071771,1.6672159290977682,1.6535051382383792,1.6916737058720923,1.6791495469012079,1.6814415396318132,1.7058289089190608,1.7033806782858172,1.7316764896953099,1.7092778873611578,1.723838314514928,1.7361586570245746,1.748648339854565,1.76177467295044,1.7842594811277768,1.7979283668284076,1.813815750502849,1.851000497430742,1.8452245189171608,1.8427231189033157,1.885094799394236,1.8969604506924358,1.9274539510155033,1.9438824922977662,1.961676093286147,1.974662855559489,2.0091728855298583,2.0302354419034088,2.047932589621114,2.102822477101001,2.1184542322352913,2.1680995054663414,2.181102969826371,2.2137014966808652,2.255257498764564,2.2994237970422193,2.33792536852622,2.3818376541407518,2.4169967972278696,2.4891212077273086,2.5232019160842616,2.5604719453527554,2.641529684860028,2.675936194393645,2.7749099006514526,2.8278575185148567,2.8979761289647,2.9780569332340927,3.079755726858555,3.1402859854645775,3.2489275913616593,3.331218412934777,3.4577051553300944,3.5772808114824586,3.69837019610027,3.8287455356748623,3.9879158629513802,4.156409250399276,4.329845799750394,4.514511923699141,4.728788585533693,4.972464881458239,5.27284913784298,5.522149530048262,5.901520908163896,6.25029767772755,6.711284441690187,7.1659992069080625,7.7678441735345185,8.412629567328786,9.286854857634292,10.405259491808962,11.569903342869722,13.330060290091923,15.303477250438672
5.2,-0.0958314308509591,2.0,12.864561066105633,15.110931697705915,16.849244953606142,17.64552286552467,18.107375043320623,30.0032995192387,18.870122734041928,19.149410172926974,19.369152983862936,19.576513431197036,19.74420745735549,19.888517503802614,19.99821605542314,15.678908683597353,13.162812621741978,11.606979593504775,10.180301849065035,9.224943514097255,8.301512678889873,7.5629021155240705,7.036378523957618,6.467201924453529,6.100647644189855,5.695796492246971,5.3760362818196645,5.06000744583388,4.830361553073787,4.565164542017024,4.326511427505256,4.1826914407188625,3.9915648889333695,3.820948712175973,3.681806524020598,3.550368954377392,3.4141534692288373,3.3312943914625133,3.2182849931270243,3.091334749133195,3.0189929139764446,2.924026483098826,2.8606759546077503,2.795754381815643,2.7082083415540272,2.6374798354659577,2.5760955968210153,2.522569058606102,2.4730237397992445,2.4201176985393644,2.3543665535830782,2.3284163126451225,2.2792838866206564,2.239681040687464,2.204509195282283,2.153637743357896,2.122571041931315,2.083662271316848,2.0723452124278494,2.029141468978628,2.0014426301953896,1.96300690997778,1.9443175457589204,1.9344669662907854,1.880592320543128,1.8673441953102177,1.8296437051284782,1.8231036629249993,1.7707352919040362,1.7792398122879025,1.7734079961313685,1.759169780571667,1.7441403285177222,1.7281929185741085,1.683594581930095,1.7076063675530215,1.6849213030662182,1.6565801054359561,1.6438997477648363,1.6433485139942265,1.6447203808150868,1.6118603963402318,1.624579525652824,1.6203546884375486,1.6061565654345087,1.588586672174161,1.5895346406931725,1.5858942410927788,1.5741467819547152,1.598449129746294,1.5415917480288546,1.5575635090991722,1.5459555582933886,1.5469212020404177,1.5765093174222695,1.5662992602307813,1.5340537203279647,1.5409695927150464,1.5482563152154958,1.5528812532647613,1.5407783278008982,1.5292773174395333,1.5269559727986524,1.550723738649305,1.56357862190836,1.536898812168601,1.5786956769671214,1.5759881829490638,1.568283668882815,1.5958482598621295,1.6123137301023576,1.6419438577897407,1.653110186545971,1.6763891968813398,1.7239076339221715,1.7426204994546919,1.7647504693221483,1.800541309123494,1.8894389776610914,1.9443641707964283,2.1317418306258142,6.107740669867909,6.075662868595418,6.075001243796135,6.018896694594261,6.009763504102737,5.9647882870581075,5.96029589745217,5.918257176716155,5.892370689005552,5.826042794375414,5.82829403089547,5.7819785310767156,5.75602778371478,5.722707362462453,5.693846838608837,5.640635663926232,5.636245352267082,5.568677445362249,5.552150247957842,5.496226561707395,5.46802099070875,5.396054361490605,5.3986843280928944,5.358044103341769,5.30345617619191,5.2606295134755285,5.212086784706531,5.162409344348298,5.130582983021432,5.090603987757975,2.0038102919508494,1.9255830708511792,1.8537778905486497,1.7876605958539509,1.7266052110240981,1.6700747406629042,1.6176059198099257,1.5687969969367932,1.5743739587334848,1.591424226302088,1.6093436163836514,1.628172939257421,1.6479562012328903,1.6687408931789849,1.6905783122522926,1.7135239212865294,1.7376377510094296,4.223887804955168,4.195517285005811,4.118867150674417,4.098216835313074,4.0473540407083455,4.000243188139869,3.9556900416344165,3.8994260251438457,3.8668390381820497,3.7960264109823667,3.734271922011968,3.6984266658599316,3.6892844545681753,3.600059545855965,3.5895513218582034,3.5303883146243393,3.499789042482244,3.43249729076154,3.3941742409490936,3.3519495346965273,3.297319620348128,3.2762495610176985,3.229828310514627,3.2169683781588336,3.1447103587623504,3.1258697566147693,3.0581387652450416,3.0305361007975278,3.000848545239683,2.9562728112100847,2.937933523679833,2.9017779413619187,2.8495854535757643,2.861256349985937,2.7726796704299606,2.7659642273890213,2.7188910951890524,2.6946397253303602,2.634244035722861,2.6156353583329555,2.5713815984887716,2.555552984401239,2.5412195609982917,2.493501521481279,2.502148254522748,2.445061950578703,2.390889768158564,2.4065505273622123,2.3765357609361004,2.3249795522820933,2.333026607130543,30.005301765961793,2.272098589731097,2.2485975765814583,2.227828979183139,2.2104049149463356,2.1870170836619494,2.177940078518378,2.1459244451176236,2.1032619063295437,2.1156725712305886,2.0827518122900948,2.0601699454214297,2.055443687141775,2.0221831773230106,2.0009738459416755,2.000050775569448,1.9987623096098377,1.9724427896862888,1.9458564303367403,1.9186377355237987,1.961043855407484,1.8916535492294868,1.901608639527482,1.8657070727509848,1.8665974937712304,1.8606190914109444,1.8610840003268028,1.8374487428541117,1.8435851557306144,1.8177669417730495,1.8004915284714365,1.8054612950677629,1.7502705991803886,1.776729760043715,1.7815206199459848,1.7831370125676202,1.752742512921035,1.7436086973880542,1.740441401636578,1.7296319039311356,1.7059909172644314,1.6939032165334753,1.7025215815107515,1.6998678102860945,1.7019229347788336,1.687970405290416,1.685124203720721,1.684173724032456,1.703813132231629,1.6941481753464247,1.6933382353027375,1.6947633988472361,1.685185747844178,1.6581780849748555,1.6605826636505856,1.6819115642912175,1.6595592586872172,1.6518426238595048,1.6751442952772027,1.6681841736719445,1.6527423836222477,1.6608969004869178,1.6593344732966706,1.6510095497284274,1.670322502862046,1.667546917244747,1.6701539778604864,1.6590232265875935,1.6609868048679637,1.6845402333543138,1.6849319321796534,1.6794292131506383,1.6830995726208848,1.7017987603596512,1.7081859773914279,1.7173389960520513,1.7255754213773833,1.7223880706321508,1.724936618089642,1.7526356981061642,1.7646219525155036,1.7716598809268347,1.778334300004964,1.788432546503558,1.8125446877182374,1.813801291209947,1.8378485650275553,1.8400392126325071,1.862142089500969,1.8813648861632952,1.908350096923616,1.9143752948706545,1.9399818433833007,1.9784540730109552,2.00933107173359,2.0281414496705343,2.059070630532982,2.0565327701318035,2.0706712635268114,2.1073406825331995,2.148866176741205,2.1853289966266862,2.202596997999139,2.2291447768683614,2.2832185347977036,2.332448437843167,2.3669544534180296,2.401796213780891,2.4828929068435,2.490876845983474,2.5509810276085783,2.617894821031236,2.656146008301734,2.732863306175571,2.777007680006371,2.8632168561261273,2.9150259843400206,2.993835021615424,3.07146370807593,3.18543413924746,3.2906748647277344,3.3570838611491896,3.4730127624312352,3.602348868655287,3.71976662788185,3.8525626016843093,4.0164675912100485,4.166584333789053,4.331535296986401,4.5679338394722455,4.760769390337433,5.00342873455624,5.2340057854292565,5.556743193767376,5.846993910210618,6.282322708079624,6.648207378862142,7.1622763744955895,7.761652586496707,8.39504994520699,9.280664538964661,10.183616656697776,11.481343395042616
5.3,-0.11477862087713284,2.0,9.979892059970378,10.984223313469249,12.529841944359601,14.174421005142662,16.63703464715323,17.65184469590051,18.157438947227146,18.619422363936152,18.950249194845576,19.301008102781946,19.51957943037036,19.727384385073933,19.938128944751245,20.077011294222828,20.166843122444824,16.38503770945637,13.627125531062044,11.911353261562573,10.361304438300454,9.3991173526473,8.388152299232187,7.6144070230501315,7.063672898784416,6.4954347177668765,6.101069768582774,5.671809931699535,5.37434419277759,5.079522045566609,4.8049820115306785,4.58159404781243,4.321574410572592,4.144262773197323,3.9570575290588006,3.8066061565755223,3.650367376181918,3.5396180140442257,3.4021318204614586,3.3100218981391643,3.1799793347255636,3.087904261304555,2.988196592873791,2.9047575350346246,2.8151247080044675,2.7430927756666215,2.6847499442981344,2.600396904371167,2.568252602778435,2.4806151851340874,2.424639421063956,2.3937223372103476,2.3153236089722475,2.277589168704086,2.230860117076461,2.2361717382430952,2.143302370079153,2.1227575989773264,2.0710008894213754,2.0596345783597454,2.016825977764447,1.979792299634019,1.9563342221535884,1.9485826719964823,1.920189461467985,1.8877777266474858,1.8835185853725702,1.8496100802959738,1.8129584729895802,1.8144081700883041,1.7766652549177093,1.772410122767591,1.7557440634172985,1.7299425953610306,1.711271633379739,1.7115096267227798,1.6801473404553535,1.6840846840634434,1.6678377976526566,1.6379406926761486,1.6352823647346257,1.6103120156254267,1.6033111894897334,1.6210299533430506,1.5861673521128747,1.5758574562598409,1.5593911979999728,1.5686501888164515,1.558761774022975,1.5533758281126044,1.5271501174870374,1.540426304479746,1.5367939397931645,1.5192031847505696,1.5433762232816586,1.5148485388300694,1.5465378034529322,1.5291113262170322,1.5222016947998709,1.5119435089264823,1.5284989837822454,1.555272662327557,1.533679062312485,1.534018480035383,1.5480144721708837,1.5778623533355096,1.5826745304690046,1.5677074409063323,1.5951211164263244,1.593478919302166,1.6164801893980756,1.6507557760908649,1.6826515679784795,1.6977865851268432,1.7478488197851278,1.8022646334049242,1.8587471824918291,1.9340877406614063,2.1316690674915737,6.068542507515663,6.035291891298223,6.0079171285603366,5.970974440604044,5.942015351135524,5.912486857550179,5.909791688508746,5.86994246998836,5.8634674431683305,5.817153142715956,5.794729846797767,5.753016561093801,5.698117773593862,5.692578547469318,5.6370512278182865,5.617489652678523,5.566941130220035,5.548394245123308,5.516760749979942,5.467752502936308,5.419209793174312,5.369145102094474,5.350698983935304,5.334471882838968,5.2391533870756275,5.222242843942327,5.178970621891727,5.162315860195229,5.091065463510492,1.9109448802757976,1.8406571136165675,1.7758784694923744,1.7160094855819719,1.6605350024458452,1.6090098650841158,1.561047439691273,1.516310319522222,1.474502748014869,1.4884887942865226,1.5061071883251769,1.5246178085569635,1.5440654639799158,1.5644985689759092,1.5859694860628617,1.6085349097201,1.6322562970751322,1.6572003521959202,4.210230340835641,4.172614582680706,4.124404860493851,4.067732658096127,4.045709180964115,3.956022849946924,3.9377718877442147,3.892974010887952,3.841779190771887,3.814534706783029,3.7537843701425517,3.711633106243932,3.655049760297118,3.6152960583371834,3.5578803702019726,3.53332302796923,3.494343695942842,3.4420867131212045,3.375370017156283,3.369173384877019,3.3344377190065217,3.2668499590603943,3.2356957293379485,3.1812338328625898,3.1519568857348785,3.1092951113985725,3.0739065559465315,3.0535773823301398,3.0153723290161754,2.975375565032207,2.9242531868967903,2.88756848568388,2.840707383897461,2.8385164781929824,2.7769986008199266,2.770978892852418,2.732462946327486,2.6955427485332106,2.6745841651599465,2.6337864187024023,2.595319802644292,2.5662824677198457,2.563857490366032,2.550326481781211,2.477565850197294,2.4567552730510664,2.441743675406145,2.3958851276168676,2.3874728671154894,2.3606594099575697,2.3399649389677477,2.330828845102597,2.2686368125547727,2.256502341975304,2.2274947784843255,2.2263028252834727,2.2120253968014176,2.1991590209632212,2.167227924030969,2.1491842040162674,2.091999825620423,2.114392430084181,2.0925855879667496,2.0650469918724665,2.0403719512139413,2.026254749869204,2.0171913273726836,2.010525244247334,1.995556766714059,1.9518629902067217,1.954769682354065,1.9353622000014183,1.9124114518103232,1.9059745186451502,1.9093042390288222,1.8766272905331156,1.857743527483744,1.889629157048246,1.8680225779040527,1.8591312614017643,1.8350829408174665,1.7978537423849286,1.827885275955138,1.8348110175147345,1.7750044057930014,1.811257521399263,1.805364049049714,1.8047250025814703,1.7659069606947326,1.7572087194538308,1.755782043619449,1.710862207927518,1.7669622634977893,1.7463487445052563,1.714074933785536,1.7294309897329376,1.7312423043629974,1.713051822641406,1.7083303131402072,1.7034882340588717,1.717008371003703,1.698592786831936,1.693437502809719,1.6819897961947743,1.6664162648250225,1.6761991469142812,1.6845581156639644,1.6805184624572638,1.683482095205274,1.6811121148345798,1.6684914389073973,1.6945412640693742,1.6711746837209709,1.6854622132289783,1.6944078329801449,1.6754204729371682,1.6826518176418823,1.665193773644666,1.6700999854228313,1.6756481710147364,1.7131582400290497,1.6944963567915337,1.6975606919254742,1.7050241301122315,1.7031879121823679,1.7035814669899834,1.7246573598311945,1.7097389960007572,1.7267200273231478,1.7427706310345454,1.7449528796367657,1.7407836623526745,1.7602679288149379,1.7715158880277275,1.7791045417109472,1.7773119667415898,1.7796779887775365,1.7921762048893748,1.8133732673306084,1.8288791303627623,1.8220424508004474,1.8646246265032165,1.8911892295257742,1.913182855622465,1.9163183985653245,1.9353875966264342,1.9589452541012042,1.9810543531692888,2.001904192650067,2.0148093722671363,2.0403685563086067,2.0594214553990575,2.117923083807725,2.136683882946307,2.1491376421434145,2.1775541215216494,2.1891203156416803,2.2337150262649432,2.2731473188066906,2.324437152786901,2.343988515174674,2.3888749499693502,2.447028116267447,2.4725394162260224,2.525360668727077,2.5938202041448544,2.625754469475088,2.6995663371857312,2.748265365971294,2.8263952905000918,2.8849565975875247,2.9527932555312395,3.0296719766316826,3.123867228719745,3.2285684684763942,3.3030853912030733,3.4113634857960347,3.526040221699614,3.616584517211591,3.744865495834276,3.8752260245501238,4.0260212298228435,4.185169169479222,4.371799625311897,4.564779811119378,4.750469185971619,5.031076917070244,5.252593921832464,5.576349691008839,5.830340467857213,6.233488493687463,6.60397000484024,7.132227666599494,7.723905408364849,8.293199194542636,9.146029662327345
5.4,-0.12237328672370967,2.0,7.929076887885818,8.523980320095625,9.36445734336132,10.235709248441049,11.52243850555452,13.159550017708435,14.923144838507701,17.204478817331527,17.88568387138592,18.477663170043243,18.90396273607975,19.247198803155488,19.495447740410906,19.76799308450226,19.973946781368333,20.135539741627916,20.25231318660489,20.367664177109823,15.381759985403486,13.206229519806854,11.298107167574402,10.073589441209814,8.930180399720332,8.030732467694877,7.382003841614325,6.776565363754545,6.320224461357046,5.875647772430801,5.505565375430324,5.179591089028079,4.9055153715925535,4.640031927466677,4.373172576081582,4.218564747260849,3.9801010669251298,3.8324337586481256,3.6856343579777353,3.5590043534619342,3.398106644533411,3.2987453919883083,3.154349915945254,3.0853573299776924,2.9512373610042544,2.8903878397833576,2.804040650430351,2.7279672854532624,2.6602972631892525,2.5954608564554893,2.5319604996260505,2.487193730846285,2.40636394940644,2.36440619825392,2.312479890661121,2.2626361760187836,2.20776377097615,2.1930560426263446,2.1220801305935044,2.0835442569423597,2.0430497842638378,2.0205943083124964,2.002393464737102,1.9471970912573748,1.949767205918378,1.8990957022677708,1.8867988912923883,1.8636220459475334,1.8319816245930414,1.7884939907654147,1.7594668992689904,1.7461925153338682,1.728137913467054,1.7159453667713074,1.7064162806000485,1.6899503029348832,1.685028849124114,1.640066934072194,1.6469975592117163,1.6293701047856828,1.609082293616929,1.6161802425281524,1.599148374124638,1.5880392412107676,1.592114436534806,1.5632938152666715,1.5667580874397455,1.5179420995113997,1.5291476635748045,1.5155454043626533,1.4994397315189607,1.5149623814045612,1.4977909317501747,1.4856946001511544,1.5022333423689123,1.4885981640424808,1.46797921902444,1.5107907075115812,1.493793290727183,1.4886143763697983,1.5141739142737964,1.5167815083646579,1.516051483458361,1.5443806268094558,1.5464123445685276,1.530781747749206,1.5852758036295054,1.5780484832767485,1.6218052505018086,1.633490483568022,1.642292570684086,1.6790981389790354,1.7153823027846047,1.7683882242333182,1.81637580708556,1.9355643025998623,2.0247792656350203,6.05013762683761,6.03991410752985,6.0170553783976715,5.969703810626037,5.962126820096583,5.919413874387925,5.8998968493435475,5.844485640680917,5.841699192723217,5.825336576190862,5.799842295300442,5.755994932123669,5.717555238239005,5.683497433882693,5.647642366967393,29.99646486798247,5.5652093911926706,5.5658666712826,5.505332161072401,5.469798819554536,5.409506886670964,5.389176982240411,5.329063905407248,5.302352577637635,5.263924611733693,5.209968317189322,5.165767907966606,5.107015266812403,1.860147407436987,1.7877067289264659,1.7212015807282193,1.6599548077038087,1.6033888424506277,1.5510080640967598,1.502384779277241,1.4571479863499313,1.4149742988658485,1.3954220014441447,1.4111664722559119,1.427710307868013,1.445092226954531,1.463354015936658,1.4825408125621864,1.502701422711343,1.523888674991723,1.5461598184198768,1.5695769693574095,4.199093442823115,4.190023854602263,4.12140241619387,4.05910557419763,4.053533231545424,3.9837383227023313,3.948589873691962,3.905578739114259,3.847077203352635,3.8005844692388666,3.7760670834114602,3.703107467306372,3.6715424585172425,3.6219839838481223,3.5830323300315765,3.535652343606074,3.499486034519625,3.4390418130631977,3.414758438853779,3.3742499269600623,3.337506817919679,3.268719469146614,3.262414391060304,3.1912949190440822,3.1572139763121956,3.1112572529952303,3.0969414948564506,3.050263318564264,2.9999263811748373,2.9591854118703482,2.9495357555547947,2.8938488671811657,2.875107318285188,2.8322195369262824,2.841660324263636,2.79208044442491,2.728600326689885,2.690341224392275,2.697021730117819,2.6443106747814937,2.6439904610773954,2.6019106411145088,2.581495902982891,2.544485751366039,2.5150655594609233,2.465171486941577,2.4667790367055265,2.418915777593989,2.3952498022841757,2.3842557988303636,2.341227907928534,30.00588143653489,2.3013730661038214,2.283901212350219,2.27774289268274,2.2423630994044625,2.2188854668009443,2.174783200737647,2.159973413718677,2.142293984017902,2.1142344845592325,2.131377992413702,2.095829312038732,2.097585155841668,2.0588492040772484,2.0536090290756466,2.0290917400523205,2.0144777992619876,2.037893051632938,1.997886913290567,1.9836521134646827,1.9617423671401317,1.9327146875639698,1.9420445244789415,1.9314479044340733,1.9369038311264657,1.9082766876729869,1.892251502213755,1.876653315140048,1.881948181030036,1.824592146111855,1.8408557912489838,1.8044516337547174,1.827769490262332,1.8130597142302154,1.7996273955847792,1.8144554731277893,1.7984326088132743,1.7968802652741915,1.788736381724827,1.7924615454462671,1.7671359147258885,1.739872720838439,1.7726424491606991,1.7437233116377255,1.7234449260887974,1.7443155883428743,1.7487543197183868,1.7267242461238121,1.7250806256988624,1.7089001587032768,1.736034793528627,1.7113164406474337,1.7078973381311946,1.7243043840226682,1.7080814409670488,1.7124258765813893,1.721996725753769,1.7197800950669713,1.689124445875918,1.6908195153498806,1.6829361011777446,1.710049415493348,1.6913274161721228,1.6782503858045443,1.720021356744938,1.7292706944015126,1.716912777415517,1.7159670405167158,1.720498394047429,1.7190028547494365,1.7315389013766433,1.7366091098740275,1.7494849376644905,1.7372374247837792,1.7282693389068098,1.7398024705595339,1.7435130150734741,1.7411752547068502,1.7499953872547132,1.7496724996346582,1.7749276027567111,1.7520806672330045,1.7677914855631292,1.784888501423628,1.79142560264531,1.8261157952880465,1.7872493787082453,1.8223937069788663,1.81589461279868,1.8439721253252879,1.8293010579434787,1.846711001359093,1.8470284649168114,1.8664862068062564,1.910879629909229,1.9076691123952063,1.9442378280187913,1.976559579170202,1.9767889262620957,1.972262878741527,1.9775165757388031,2.0266931107602364,2.053518173649244,2.0929214235223896,2.1032322975848197,2.1012572534095537,2.1581299768792848,2.186021832136867,2.199526338918518,2.2383034745908885,2.282639959077785,2.309131910864747,2.3331654351058595,2.3620932145675373,2.412284296329509,2.4617187989947547,2.526870845298912,2.559763010305839,2.6127280423130443,2.6519854203911035,2.7182705556240494,2.7777982251809226,2.8340886437125663,2.9105196981185935,2.966056855421379,3.0416006737195955,3.1272502219749203,3.2272685564517984,3.2792203050089705,3.4012832268715543,3.4798792204349076,3.613906312220019,3.720944952475172,3.854906543657819,4.000218969199679,4.137251214513814,4.327833036355946,4.515811882720966,4.709456622284353,4.922048796800408,5.146165576951667,5.4450407523335365,5.693846952859566,6.060721076418254,6.397481693966989,6.8569111509512375,7.39643700673643
5.5,-0.13676288845339055,2.0,6.596191427097368,6.979247584924668,7.525172058083601,8.051534087793227,8.779555757113924,9.650845701709436,10.559463501685773,11.879444915606623,13.25257247907882,15.404058652353859,17.31992868921228,18.20432336181841,18.648435366446652,19.1134422091621,19.486799377710888,19.74556040520799,19.996673940270878,20.166979884011624,20.345912674314512,20.479350646057043,20.59821720033326,15.351047181520881,12.75103475396192,10.8702646877963,9.715984058222041,8.616220624170325,7.854440118038134,7.1357651668128685,6.633949913501836,6.097108009876644,5.705830047187708,5.313526922250343,4.986150457006514,4.7386037241565315,4.451977910128355,4.2500049129221535,4.034671789021376,3.893058282607225,3.7082038640934796,3.562018411708542,3.412575220453975,3.2871922969828122,3.1603827809895084,3.0630099398576767,2.9856082558824424,2.882695564902866,2.7946586879451627,2.7264021630198103,2.6455815383959673,2.554797896325954,2.500005364704985,2.4611800211448385,2.377535170436279,2.3479186721658962,2.2703895122618354,2.2465608157029107,2.1756166485055104,2.1396884351279084,2.1015772864076623,2.061604528182018,2.013477982541457,1.9806661149892397,1.9646548833840847,1.9142407468453686,1.8976318837033306,1.8672499308767831,1.8345645703103184,1.8167017804853813,1.7754943751019623,1.7595556705613284,1.7445546834093766,1.7250014725029235,1.684024437188647,1.6786088091553166,1.6675403043790424,1.646093892643783,1.6176800635778403,1.6003848768526956,1.599645174717368,1.5696947541257102,1.6006237551254232,1.5732950437267899,1.5264057232631738,1.545997835832514,1.52095032697114,1.5290242548771404,1.508540300365101,1.494143978107879,1.4899500498744394,1.4841387539763695,1.4976115397856309,1.4774828428651705,1.4829103066162734,1.5178845747834608,1.4856837871203725,1.4893388049080516,1.505360486369159,1.5052394697394695,1.50331009840713,1.507591218458555,1.517291217109284,1.534345819827941,1.5662376829628528,1.5513369451203092,1.5887039618946954,1.6047902317682445,1.6603046658920713,1.6938193320529378,1.7295681420117035,1.7737621184740342,1.8029229375518412,1.8860046934782682,2.0057185840500473,6.028830797295941,6.009525843865237,6.003749969668589,5.959068742848955,5.9417731167494585,5.918477336729804,5.889788343315209,5.876612650188787,5.819193532555559,5.810181612373862,5.768890639335464,5.714488633831146,5.705394721877136,5.674059592862461,5.638923312274936,5.581164766210022,5.547838506749723,5.533177401078074,5.492583397923446,5.449979594448003,5.421389092055957,5.370273850418079,5.317815313897779,5.281776056358477,5.266056576234008,5.208243099819874,5.174285965923194,1.7763530485060317,1.7049560120885356,1.6395568438686352,1.5794530497865915,1.5240480556414897,1.4728319858820886,1.4253664819324778,1.3812726031542308,1.3402211041233072,1.3128761311022439,1.3273076750584913,1.342473648087186,1.3584089274657618,1.3751511329895294,1.3927408766884661,1.4112220414634793,1.4306420925592866,1.4510524264136055,1.4725087621581845,4.275875764313138,4.212130572658955,4.182864788854105,4.147795545938964,4.084473426666511,4.036602384024054,3.9843559371468587,3.9516644489261377,3.8773989286574215,3.8792346737600343,3.7858645756835085,3.769195734276702,3.7185312066758947,3.6802940305590535,3.633291069631906,3.59572020107318,3.558680238501415,3.501230035174467,3.456501894998162,3.4018507090162795,3.3807100081587285,3.331514729533317,3.2991133434510482,3.2570530689954786,3.216919294733016,3.1963004044642607,3.1317526454215154,3.1145276059587914,3.0688302603476716,3.0230467502425795,2.998816401162384,2.9539590554952677,2.9190264841887448,2.8822713515755694,2.855619958646659,2.808529956988156,2.79632341472857,2.744415465010778,2.7271544161066776,2.7023596107163805,2.688737966817443,2.6275593217045534,2.6164880141729236,2.5607952252892385,2.5249499454611453,2.541248557830165,2.475379127904504,2.4646138665979493,2.4532800440776334,2.418195689289132,2.405554561597228,2.370430221029416,2.360972467021362,2.3377643766083382,2.304425065091415,2.25743897440994,2.254599102607793,2.2074928691029085,2.210141028896605,2.1919582741799335,2.1932200065800016,2.141241397258903,2.122268920488784,2.127273360676334,2.110317301053986,2.0925085269565624,2.0639658668294345,2.058535714022148,2.0360453622865724,2.035750431997289,1.9883788045108979,1.9784519780228877,1.9896564940775419,1.9739649233699503,1.9316780401197016,1.9482331518585798,1.919966780498645,1.9228881148772576,1.9087310758715037,1.8782234441292431,1.8677728145988144,1.8565664456901525,1.843791140745516,1.8682292487137762,1.857165676736175,1.8271653850443654,1.8304193702540403,1.8230225047637196,1.8283035073701945,1.7760820679355187,1.8023871159108542,1.7832619286544198,1.7745519304945812,1.773947815400447,1.7666935910622275,1.769817718394071,1.7494940965206718,1.7642427712657123,1.7704512480145316,1.7560511479299683,1.7510043065101712,1.7495005108611486,1.7622001840735417,1.7201616670067637,1.7455153159672343,1.7081191009357588,1.7293589118517045,1.716807846413665,1.7019166442220994,1.7251123139148854,1.705267058933667,1.7228103467945235,1.7177859890738898,1.6940971463192058,1.7053528303111445,1.7293623788099948,1.7264298799170295,1.729095685113119,1.732599542965194,1.7238469156171863,1.7097567323579776,1.7443503481251816,1.7340799198782724,1.737865375632557,1.7512781059305749,1.7718951518700998,1.7580530705560153,1.7388488930088828,1.7420280633490492,1.7494217717509104,1.7778153677899187,1.8033754288799022,1.770620632384435,1.7940612702309462,1.8102636937224297,1.803153321192959,1.8061005540013715,1.815864794680744,1.8379344177306995,1.8322781040035494,1.814391214430261,1.849054835651085,1.843071341135465,1.8736500309397455,1.854045698366939,1.878913799651682,1.8820291786517378,1.894832235972144,1.9113546216112298,1.8973808524326612,1.9572484281471507,1.9660924827584385,1.9618300275045437,1.9780536618568894,2.004347107504686,2.0151798536841405,2.0455639484696757,2.051426017172991,2.082786395149147,2.122525214564172,2.15886208040675,2.1673641540675064,2.181093103190026,2.2162200202321767,2.2343551414886704,2.283542311025954,2.315031111680992,2.3519981197270394,2.38898630684007,2.4121001909790953,2.465999709541327,2.4710908915248835,2.555052454147509,2.5826756141928544,2.6306810182559155,2.70201322671794,2.734588322896403,2.8113891343279693,2.8211067651470696,2.9280281646262267,2.9693778399355972,3.060834749008291,3.1491753073220727,3.218941767981737,3.29718011826044,3.3741871271271897,3.509069132295647,3.609878506873966,3.7136663705735202,3.8297280591691814,3.960427142125241,4.113187254894135,4.249933047394494,4.445267743161581,4.613121806414385,4.82038747201791,5.055734626513318,5.311832251640713,5.538637045313804,5.8679592355444194,6.226199075358978
5.6,-0.1545867265386367,2.0,5.626720816785388,5.974066820185191,6.264072443338727,6.717125314447488,7.072558110246104,7.6066712199485655,8.232629510868959,8.836928944321341,9.69933458200399,10.545471537432373,11.82299247852363,13.12754883296942,15.132578685911701,17.193712733810123,18.25407257254518,18.85144938765392,19.232756343693914,19.598723115439228,19.86767319180162,20.125961240064843,20.34356039532831,20.521387351447718,20.62965067006772,20.739856762555522,15.172135247768487,12.864918162114876,10.912057257434356,9.69640787008162,8.584227845891126,7.789376840130099,7.020433707097884,6.486895562644669,5.968113636468289,5.535344716503765,5.198441111083297,4.851352330127714,4.611239179524991,4.329567766916183,4.119262459067665,3.9472124311469696,3.7331550753546554,3.595356184217553,3.416213486095444,3.3161336374849486,3.1744574532976526,3.0795967469248056,2.969769379610719,2.872175904170294,2.760835239284891,2.6847393930447576,2.5976245164653524,2.532966103814396,2.466591751515411,2.4061681208839096,2.352138485636151,2.283043155604603,2.2305823482875025,2.1941187689205517,2.1259011622133004,2.0996421769992066,2.063642358540174,2.018581422241511,1.9755833411302475,1.9349647185292087,1.9120629100319382,1.8716624043653232,1.847214678681763,1.8050827142850252,1.7986031258444246,1.7617104561473687,1.747430346184786,1.7202289698083324,1.713480878265448,1.6917337347494927,1.6387101534123327,1.6355595743372964,1.61291906575748,1.5903274306111574,1.5704436578343286,1.5388080215437407,1.5413122312635217,1.5308926209906122,1.5007045890341946,1.5137952086979283,1.5096542853825012,1.470013725088183,1.472062471931891,1.480662005960412,1.4660074376658083,1.480849235456012,1.4969866203765405,1.4605887363172871,1.4753270991951397,1.4823782213197285,1.4658541518300057,1.4865019325831943,1.4832421546866852,1.5157404619068529,1.5160643584910627,1.5172242354353789,1.5467013870820967,1.5511887543349803,1.574396692974644,1.5945063741033987,1.6365206256721523,1.6476945639772456,1.696517977376906,1.7549943443650469,1.7924968070187977,1.8702009371696375,1.9251984747660091,6.037416656599144,6.011162455898255,6.005136031797233,5.995863292907285,5.958967885053875,5.926031242267007,5.9050801233016825,5.883094863851183,5.815411281300963,5.8155990923210465,5.775216562483656,5.74300310469479,5.701215930056206,5.663881298446615,5.653783016437607,5.623705268687397,5.556940014421163,5.531496666300968,5.49682810615446,5.455660724508806,5.437671585461317,5.377894103538672,5.345009013262313,5.312656934239854,5.276116431476919,5.230805055164254,1.7340990687938036,1.6531014366775696,1.5797926672940368,1.5131512505562454,1.45232926462061,1.3966170218386194,1.345416017441096,1.2982179918295214,1.254588553053271,1.2477644578339249,1.2599245817593718,1.2727156956927874,1.2861651366068698,1.3003023330185484,1.3151589828309431,1.3307692508014566,1.3471699881386523,1.364400977106661,1.3825052039563461,1.401529164020002,4.275232173942757,4.251683782550208,4.184775302065697,4.150088187073119,4.08214284774132,4.083197091197639,4.013205992515027,3.9583242312043545,3.924309126836467,3.870423829605057,3.835788298482536,3.763289011105368,3.7494589955081534,3.700836719668691,3.6435548950673673,3.581872949358538,3.592926108642773,3.516334947241525,3.5022454926781963,3.4431556938872396,3.378077825336115,3.3529169451579697,3.2936720637240287,3.2929830292711917,3.2722388073020916,3.1907819721716972,3.1712578598695944,3.1080649639284466,3.0742384908805622,3.0365909443896877,3.029317624331627,2.948285110600276,2.9459496314195617,2.916159893628459,2.869776004246071,2.819184228285422,2.80140062172365,2.8047538630351307,2.746781903648419,2.735747166666046,2.6999924454032165,2.6670955269621053,2.619879294978611,2.5902995804047495,2.568236454880556,2.5254831505627044,2.5048371168606702,2.473554492218614,2.4514785389152025,2.4115196167635196,2.42851342948075,2.3929894688257725,2.3852737926481327,2.320989103906064,2.323162791066383,2.3216072580415417,2.2843588118865386,2.2517511635677656,2.231084202620136,2.199025478486699,2.1833556116835355,2.1937114122370507,2.1816758312963227,2.129123356207066,2.1335025375602203,2.0877634110668573,2.0702753659953097,2.062896048273754,2.0411555839640676,2.058431813540164,2.0305539851181704,2.0061989337780854,1.980783325600828,1.9673284425162756,1.950081848620457,1.9526460808251471,1.9449185563834424,1.9211453084158157,1.909509562605302,1.9191903414263094,1.8860758573022403,1.8804739131823518,1.876445990703718,1.8692451055634651,1.8502678536143269,1.8612857456889798,1.8498952091265184,1.8284436190209903,1.8003119184085452,1.832699603253688,1.802676207225187,1.7835314196540821,1.7816474405503329,1.8005140504588248,1.7656258195692238,1.7660643613918048,1.7541030877745625,1.7569278130133152,1.7755445846714484,1.77280748354768,1.7528837650721196,1.7315831978982879,1.7468526058447846,1.7450552842348526,1.7540801421782555,1.7529241584656419,1.7239015146517098,1.739161086262889,1.7392818692378633,1.7229736111312055,1.7291363222269551,1.7241095721465591,1.7308192296276053,1.7387632099085772,1.7287223335520587,1.72829504239176,1.7416797767759369,1.7124509455561565,1.7724225752910687,1.7121184270533991,1.7132833802322815,1.753639420086886,1.729451116038112,1.7525362981882426,1.7411881675568297,1.7179290273467707,1.7588996924921503,1.7432475263580822,1.7758012710675375,1.744544933112556,1.7487492188003941,1.7944872915164736,1.810900671761512,1.7974741004181678,1.7771916906399936,1.7768293528413217,1.8053901234962886,1.8182205958521749,1.8272141881135309,1.8514894625652247,1.856512501269561,1.848625603484078,1.8507111775438645,1.8588272583962626,1.8732191248840067,1.8928696164715684,1.9103824663953655,1.8966079884985876,1.8938962496536735,1.938106603469019,1.9266351584361787,1.9705638911692964,1.977032534530031,1.9888449186481427,1.9935777477637884,2.033446485742741,2.018588319949212,2.0181942260425205,2.0595816856510436,2.0742066768352165,2.1133967857889338,2.118270018649075,2.13375113007452,2.158917590171032,2.184783301112238,2.194620790546147,2.2468905354829274,2.2518075005177773,2.2802194439345076,2.318300770447218,2.3343311266037254,2.3753820373110157,2.4182885386856,2.441595704040827,2.4739915349616846,2.526974426314949,2.5695563201299336,2.628641975052925,2.645487112806895,2.7080346853742507,2.7593898538297488,2.817885514492604,2.8733604360923537,2.9389549867660087,2.9812099889563175,3.073833887327903,3.134075897019608,3.2159414845733143,3.2969082240066196,3.390951334235386,3.4523471548522737,3.614642488750669,3.6707688140553265,3.809327511021039,3.929434436008846,4.046590968751524,4.218747337773009,4.3428852787674455,4.554038267466553,4.715412203157859,4.92882159771781,5.17701095739119,5.38809395859908
5.7,-0.17918698239736,2.0,5.020945634930953,5.2170191507065535,5.461067412542984,5.7310319902727,6.051497493006085,6.335666687587393,6.728834282557449,7.1049677508537865,7.6202865484821265,8.24287941169492,8.800502689797987,9.625446033827677,10.416202668865713,11.588982660983742,12.813281816466452,14.637434413838681,16.60712690955532,18.178999807084033,18.876544885934205,19.28513978753371,19.703095139811403,19.97294486603427,20.25440477350506,20.444811213032256,20.666323197453206,20.78325725489935,20.912742275966355,16.00754951704226,13.351695363704646,11.157583475211855,9.793251011805049,8.56056708604878,7.741692667081047,6.952455900976541,6.4381479166593625,5.853555372336349,5.399742715415741,5.119572112900401,4.757772367757167,4.489044104741559,4.238850661207301,4.0207486724085575,3.8179377203954514,3.602771833374614,3.4564770359300354,3.3074731416648597,3.1858919514150204,3.0769029128191416,2.972335748633487,2.842097408195039,2.7761008786124752,2.67853636575135,2.5719171365933375,2.526301843292354,2.4283906740407137,2.370302790285332,2.314686293396923,2.2313043354694524,2.186998770647516,2.139469889326218,2.0933726976836264,2.055447618885376,2.0138230817287095,1.9425265679478467,1.920249704907299,1.89272884227252,1.8399691971646335,1.81082352562006,1.7875873281370496,1.7472245683462608,1.7169079054423404,1.7059441219219762,1.64749152588848,1.648516766751861,1.6463457355667186,1.6255440825125431,1.5887959537545877,1.5670174071732255,1.5493529675994848,1.5461840037035954,1.506800402769816,1.5021425647458257,1.50737664180856,1.4881720804688066,1.4877096250533857,1.515924721551242,1.4584179367432717,1.4649196402417204,1.4722446227274681,1.4772655368412437,1.48568602638446,1.4793330321157865,1.4803431165320289,1.4906648099181994,1.4887288435364041,1.4993505710500648,1.4956632741450793,1.533838445091336,1.5518039525939769,1.562042923436957,1.5715918910476063,1.5771806326844486,1.6313851247815292,1.640542760366089,1.653705170471542,1.725409800220874,1.7651385043142471,1.8040408259701557,1.875019001543205,1.989055775525043,6.007960165660839,6.009034423099493,5.971381680467076,5.940012648326117,5.895589819315642,5.913087490357827,5.863437105778867,5.85926732229547,5.821714668364138,5.7653101960257676,5.788028657510973,5.7216769049507334,5.704323593943518,5.633649716205613,5.6545064213129566,5.6027325445851694,5.558815604285312,5.5083421671541775,5.468185151763104,5.446601762161066,5.411963466614045,5.382545307667333,5.315952622388747,5.2786309701199725,1.6367078168896356,1.556389973672032,1.4840172981555093,1.418489299704772,1.3589000454070055,1.3044970001218086,1.25464989191747,1.208826865174394,1.1767793585530057,1.1873566097767907,1.1984942510229977,1.2102150909482285,1.2225436638142715,1.2355063697091258,1.2491316298287582,1.2634500586682087,1.2784946552393195,1.2943010157453982,1.3109075705088882,1.3283558483766396,4.377600721204485,4.301302229044217,4.2881512238378425,4.2173219934242185,4.1706907610666475,4.130794835663703,4.078791387812681,4.0207665753755295,3.9958933783081614,3.94090918909427,3.873347765254727,3.859617707820906,3.804058238314521,3.7785033563620143,3.7197723067065924,3.656942982523138,3.6490259079033276,3.5831323478257415,3.5615146853270745,3.4832107682100735,3.4583194563307362,3.443290391495535,3.374722830128129,3.343084471251266,3.2932021751440814,3.2763882865067404,3.234361360639722,3.185321101650723,3.1529505154857445,3.0883657128445607,3.081431873155162,3.0312083994534453,2.9972840723267975,2.9571316295107093,2.9405742748164694,2.8888026286448407,2.8619608621513604,2.829778172865861,2.800297594876327,2.7622962769580486,2.731574324000686,2.7148757540156097,2.6477926451469407,2.6461749323407204,2.647417658462363,2.59235189808413,2.5490842338922075,2.5247831529979994,2.5096486036381482,2.47293328841059,2.4644865576077355,2.452378901909639,2.375657832965647,2.391937315110639,2.3502471253905584,2.327241894208543,2.3036877977966284,2.2861218688302913,2.291184122823407,2.242972346981198,2.1927546551105466,2.2111742432762727,2.182767214422718,2.141661238659742,2.1375136818041844,2.1355374858606195,2.1172896877760055,2.110117057737986,2.0787176403753707,2.069960570983329,2.0515584828829114,2.0092414685191557,2.008610461158719,1.9921261319220644,1.998276062782257,1.953799893833553,1.9308522636218834,1.9548883651469477,1.9435525543261514,1.926601332559813,1.9226202563713573,1.8960367084030931,1.874746027322257,1.861915997813362,1.8836408187876184,1.88251814543159,1.8486087962376152,1.8211889190686263,1.8155577273763834,1.8228572436101451,1.7961014583295216,1.7981359573800986,1.8246165015940292,1.809919167308934,1.7726779332497982,1.7829231004537598,1.8002476994303127,1.7790711823226708,1.760561973695343,1.7611328140390765,1.7483335539505411,1.7610874583206346,29.99944196120615,1.739369741076775,1.72437664248236,1.74672302064581,1.7290755905973747,1.7455719339275975,1.7442620802418096,1.7160065945780005,1.7341362439227768,1.7279123245922765,1.7222053646906117,1.7120875640992914,1.705145920178393,1.7223471721546835,1.7239390193813997,1.719870066330849,1.7436650140346361,1.7261542297932135,1.7197487474591917,1.7504962628785223,1.7360522133815486,1.7437995092678606,1.7365266562477526,1.732800634002197,1.7242955559797861,1.754883398487021,1.7679860668601604,1.77492917085107,1.766180508461336,1.7653722391497626,1.7853921544803755,1.7630105378485483,1.795497145366627,1.7718532342657691,1.803030890770847,1.7941906206007576,1.8183516283860752,1.8226347262169915,1.8401264878913888,1.8361216242668317,1.8475052205805518,1.8407599226290743,1.8603791073882656,1.8509526064632993,1.8607758129113703,1.895530620768373,1.8951696455429259,1.9175682413677824,1.9230089344266998,1.9494684629822294,1.946322950908459,1.9727930336109012,1.9968841353920654,1.9806240708268967,1.9902244706509313,2.0166614395971965,2.025612607988069,2.072642601641511,2.0821150662802754,2.0759268073316925,2.075958086693897,2.1200038870775257,2.139003936643014,2.1577548044286194,2.171071357771684,2.195700517654827,2.190508973680347,2.2272934435537652,2.2601385076296836,2.281544956561448,2.296831827399487,2.3295097470543658,2.3644613556945155,2.395659514194772,2.4133244552219746,2.4583577524214197,2.47882885898399,2.53247778809291,2.5568602911174936,2.631406688659809,2.6499556562967674,2.6602021122664037,2.753208562843523,2.782276209906937,2.834740764990547,2.90204726555568,2.9442048566700025,3.010164212205622,3.096420982232769,3.1747791667888223,3.225420101803315,3.300463474967481,3.392158944898125,3.4930264996833755,3.5666039904287485,3.657764401337778,3.7745647161121,3.8759134602611978,4.026061628456611,4.154062630829295,4.319487290539326,4.449545014911779,4.61383027662042,4.8241040786115255
5.8,-0.20921252254310807,2.0,4.4920873475473355,4.658348868015795,4.820237706361665,5.021137653236334,5.19916316162682,5.466381940935,5.679110679651034,5.981718669039284,6.261288602344624,6.631458692887627,7.032165256691334,7.433367707526585,7.981723215560469,8.506873005041605,9.214175599042242,9.91025815112107,10.92413310498588,11.920782832560818,13.411801328914734,15.31352079032906,17.37815683498875,18.522908167393425,19.111475758591883,19.570320881594345,19.919996441701233,20.24309339380156,20.442996847895248,20.689925938056458,20.88116852754454,20.99884723541426,21.12022847506719,15.492034635835001,12.428841909683227,10.645896322126083,9.120011159515885,8.141925000133716,7.248743777905591,6.493718427400066,5.97713215041557,5.467705488256596,5.097259516578367,4.729006140224066,4.4675434837055645,4.185085805752815,3.9534841076876317,3.7404207775466403,3.5519983981236964,3.374398807833556,3.225446018873677,3.109605179344418,2.9724464704643294,2.8360633856183495,2.765389716908547,2.6595833598894223,2.5742485669595196,2.4731143481018902,2.4076542960906493,2.351213889157405,2.2873534600039855,2.184276260202121,2.1556047425153593,2.103235665696869,2.044051767320173,1.9952156621935846,1.9390736169647864,1.8851725175462055,1.8629294173118234,1.8195590209795114,1.7881357147294699,1.7745854634599634,1.7179345113749178,1.7049075465484527,1.649023903026174,1.6407069069659799,1.5863573602374208,1.574889286142895,1.5701971448988838,1.545277992866686,1.5441115069029743,1.5164427536143494,1.51017841119859,1.484334307792116,1.4679677525591397,1.497633699499548,1.4804957703759971,1.4623506389535663,1.4587460929775364,1.4612493580930443,1.4839572607884512,1.473109360655483,1.4882951914265201,1.4725034925816662,1.4859747509376666,1.4941480339792004,1.5001404431602317,1.5240308238631914,1.5111685981166734,1.5492295344883045,1.5515048708181212,1.5625521491011363,1.598292951796604,1.591930653761606,1.6356076843742935,1.6799455195552317,1.7131972270608933,1.7497811098178973,1.7894982224791194,1.8809127557444905,2.0433321504287547,6.046011825639019,6.005341270551374,6.00755864043467,5.9494790961632145,5.927608801822125,5.913741788273607,5.872289627593099,5.869478082494647,5.8122926745675505,5.805828933198255,5.764555235790085,5.705631050046704,5.705281557374017,5.658076785167557,5.595725118286708,5.607413353990866,5.562274917275436,5.514282160151315,5.468098541923772,5.456310520288163,5.3943805924468595,5.356458816429223,1.6190160371602438,1.5195315384907724,1.4319765100082293,1.3543518003550732,1.2850815793251151,1.2229069390425862,1.166810050620673,1.1240833947268296,1.1321995224104968,1.1407838552818481,1.1498524199849482,1.1594224544973806,1.169512495134824,1.1801424724370273,1.1913338169246657,1.2031095758501937,1.2154945422197019,1.2285153975403222,1.242200869953184,1.2565819096501927,4.440911526010846,4.404444859870633,4.355840584293004,4.313607063073805,4.262826948492202,4.227317365780424,4.180445539129939,4.099317196279398,4.07808615133198,4.039037807162639,3.98483111382748,3.946123590489042,3.89751461560354,3.8532826619061527,3.7830866877568785,3.7573206909564107,3.7205784022033352,3.695975000995812,3.647118626546559,3.592101988904788,3.5594550651916164,3.520106692349489,3.4741958534697854,3.4293328434049823,3.375194222204105,3.353515394968476,3.289574215397347,3.257418934522424,3.199023152276884,3.1997133083507694,3.1632924481076916,3.1150338821287913,3.066580257454239,3.064723831640222,3.0026276023038294,2.9343990317431436,2.928118817407709,2.9065927399377665,2.8746294501995586,2.8004964016669023,2.770996088463086,2.739447977486367,2.721883236408703,2.693779824790437,2.662719360723035,2.627666485323272,2.6068617065329653,2.5791292528011924,2.5735599097196937,2.5231617628648344,2.5026525013680905,2.4811566548808903,2.4492366881244423,2.427330124084219,2.4136721897945486,2.3608432665709445,2.358168906187339,2.3362902654698035,2.2990478769182907,2.3080053353855754,2.24464285051101,2.2264431489306213,2.2124362268468034,2.186170855197728,2.169722422548418,2.1560935053144688,2.1534637369285616,2.139195964396495,2.0996644082032434,2.081929975997488,2.0694223355538646,2.0539146124930796,2.055536694460551,2.038298656413632,2.0199247835064558,1.9803230320908853,1.9856537393852431,1.966955756661419,1.9582725060947817,1.945922652927295,1.9321097052868577,1.9150437616160876,1.9310480736801718,1.914824283436141,1.8899238083313017,1.882947927735591,1.8782848743550633,1.8360926205077537,1.8430765361582144,1.842656233437775,1.8229021327420447,1.8283740081155382,1.8096992031061778,29.998102262098918,1.8037207167182565,1.8126823296116077,1.8041516249275786,1.8001497808540727,1.776485105348064,1.7511417889991325,1.7488162591837113,1.764906247649111,1.7362204362360203,1.7354011149655246,1.7371744878883006,1.744488684644759,1.7265218654422,1.7539791697527973,1.74196325221734,1.7369616325568469,1.7264213811878433,1.7462609672866025,1.715078844872545,1.7275507791640952,1.7586706205085976,1.727653159755914,1.730102732604171,1.7143886788599323,1.715935810073329,1.7317103385041812,1.7233540847838595,1.7075758154351108,1.7264237131229432,1.7169742483543748,1.7385706304683812,1.7584401746623914,1.7313332170521034,1.7484604164113893,1.7340177197951587,1.7532712369294503,1.7602448059681262,1.7806135077183685,1.766843991595775,1.7851797398117748,1.772060445189543,1.789529663416206,1.7896018476479019,1.7762262432878353,1.806196111631579,1.80436064036605,1.8355555489724042,1.8309875264556446,1.8354987534230398,1.8446186041346784,1.8479510546405633,1.8688595901013272,1.843997680882698,1.865064251055492,1.8954690146746414,1.9111400825887508,1.901306605894124,1.9442402217652621,1.9413830420714688,1.9430519561834645,1.944059232136611,1.9407111332693479,1.990126947761676,1.9893490433568184,2.0147276414388364,2.030061923048523,2.026656489530189,2.0421256271456043,2.0558521169461157,2.095151511365722,2.099545153189564,2.1064879923145274,2.122352690287594,2.169653406438499,2.1784753960269763,2.199863497442396,2.225305747966325,2.2185846085530296,2.2277131616184205,2.281943541886145,2.3044230158620453,2.3115977053017716,2.3298985916029435,2.360957715499733,2.365740489961961,2.3895192162152035,2.4314419592414773,2.474333993294162,2.4861143153090834,2.5316203262123436,2.5758304318332343,2.5933690213083773,2.6251194232167143,2.6810431238254764,2.7230903287955184,2.767773496556926,2.8241984964634455,2.866192373072358,2.9220483961774586,2.9676589507388997,3.009857031983185,3.0979898209076575,3.1490779650299117,3.2343857202079827,3.3083423339995393,3.3832532958901567,3.44825460719237,3.5438765848395484,3.6341135433461798,3.718395702258036,3.842323404648972,3.9441170942503248,4.104549068657083,4.209821929607258,4.349867357160956
5.9,-0.2080881020414676,2.0,4.015416661969517,4.171191253469348,4.272035028241668,4.423626970717003,4.535914838638421,4.717879188435638,4.866441348534577,5.050761482352592,5.244222904091226,5.480001844075228,5.736436115652665,5.986357469899461,6.300044504864359,6.582421868273788,6.978854706010569,7.30801223770196,7.836367062217544,8.289062078930096,8.950605271451328,9.686143634143646,10.414382136707287,11.470036492191575,12.534098082924084,14.096548795265045,15.729875380100589,17.957084924255632,18.746865535457875,19.376245495661138,19.833511083862767,20.15469483203638,20.465829699192234,20.709280826513105,20.897715026777995,21.05509638436181,21.19761831537523,21.258616463352144,14.132566924401903,11.307695562542001,9.703591907481362,8.304456188473866,7.406420214738072,6.5788004723171625,6.025175181802404,5.4520757983003465,5.049534097287931,4.674047698182658,4.327323700170271,4.062308357329421,3.8001308358082273,3.599571966790464,3.4161136647738326,3.2730102076592034,3.103081670991402,2.9436624669752116,2.838558039918491,2.700749967640416,2.6069582795052355,2.531628245602452,2.4608521513643753,2.3394766146625288,2.2599112403861588,2.2053912126596513,2.0954100937651043,2.098081204735937,2.0114951195232083,1.966475365977185,1.9019777375578484,1.8595735909576163,1.8238790101891003,1.774040690796825,1.7411736658043135,1.70688913044304,1.662337941036019,1.621128511275565,1.5864285362808197,1.5878221706412505,1.5794925879851085,1.5445960628819484,1.5559463744731687,1.5201444029658449,1.521059350797803,1.508940731727145,1.4911884312947048,1.4612495207125298,1.487195578261076,1.4776407241470007,1.4709360488399295,1.4995895957480572,1.4526293748209747,1.481054601025861,1.4856997648987564,1.5050398079264387,1.4844158253528406,1.5155527538161702,1.507275422906441,1.5114174027151133,1.5064666413649372,1.524629610167206,1.5661958179603679,1.5543324515061325,1.5893969672938837,1.6246214086436785,1.6642169476814594,1.6898018317469536,1.721928357325718,1.7379132981547132,1.8130062519112318,1.9198980943393729,2.0114937590369752,6.022689865808362,5.981299987628111,5.972168246439217,5.994795397398892,5.905274502424399,5.921968837480431,5.893870062535051,5.844315871932874,5.821753492965356,5.790746184466256,5.768049936707807,5.722419231128599,5.688766036981842,5.656832764794372,5.634364647638312,5.571284646947564,5.554465490582955,5.519694130358311,5.511054565930319,5.453922469983089,1.5448973833460933,1.4340326965801933,1.338394853413197,1.2550744611459266,1.1818591769437872,1.117036766275865,1.0790853774237887,1.0856654760151843,1.0926613187554473,1.1000853027829127,1.107950788860328,1.1162721640874318,1.1250649109146058,1.1343456831107945,1.1441323894237656,1.1544442857677395,1.1653020768844429,1.1767280285510815,1.1887460915553894,1.2013820388270602,4.541440901014853,4.498997081138139,4.468494030862439,4.371330150656072,4.354481688607479,4.3213753794251595,4.282697297603196,4.215723764896645,4.158331049215513,4.129752136643342,4.0840070995081685,4.027653892566833,3.9928220715175398,3.928569110873777,3.8854224417943746,3.8654197930049805,3.8051466316959774,3.7573012714662246,3.737989902942806,3.680332304229453,3.6251765877211874,3.5957701823355706,3.5524314837192477,3.476502920091265,3.4765740760535055,3.3902897303593487,3.379759674589891,3.3370176333163077,3.294571281779343,3.252688752314639,3.2006563731049757,3.1875732375391403,3.1385093556441914,3.1173782634349316,3.0644990984571563,3.048219630614492,2.984291398906547,2.9683867152143484,2.9171407357702144,2.8833681826927013,2.8403896393163905,2.8483908431866904,2.7891286933675996,2.7432229085919864,2.722658587575907,2.703294837276361,2.6722214716993595,2.635603103885611,2.6041446028562087,2.5828136126383767,2.5650132594365975,2.5242537348112646,2.4939864413293815,2.461349474269743,2.4446463873688344,2.4317833510032463,2.3970073337060054,2.375690036896231,2.361983316255283,2.309188989136868,2.2771293332087423,2.2824528815653524,2.247662874586997,2.2336108444239824,2.2122891072324764,2.1926969631575024,2.172043430957899,2.1670393526180263,2.1518994558745073,2.1386941956638905,2.080636335910765,2.0897728539991123,2.083215440936094,2.0437678077941763,2.04221553392086,2.013664178476047,2.020005801196865,2.009063448540146,1.9916220701980303,1.9774963695751466,1.9725341510840066,1.9290526072022685,1.9180414105668926,1.9211579001543393,1.9057296363389398,1.9015350948482708,1.8531829990929485,1.8624474653969756,29.974526444554048,1.864855356179778,1.8442541270545474,1.8496270551508094,1.8382816529835178,1.819921403898848,1.8174051335645347,1.7883939470036179,1.8086445341033361,1.7979574703141525,1.7820145851643692,1.7828381799760025,1.7525571854054967,1.7585571241184403,1.7757792031545239,1.7717143985453043,1.7547849058626817,1.738849161941537,29.988809389908493,1.7374937619243846,1.7369144191664436,1.7298255738942119,1.7264354670704964,1.7207210743241002,1.7342248152776338,1.7550510128949524,1.7209005230214354,1.7144778184759168,1.7293303011146466,1.71798711422956,1.719140274036674,1.7214804651255158,1.7228201661482183,1.7152926209539314,1.748179934590237,1.7442002380744488,1.7303797831027186,1.712345170490888,1.7428265810200643,1.7320174598173386,1.7191980128472946,1.7381143728397832,1.7405850997162429,1.7632425022472926,1.7422628375972546,1.7638146166195656,1.7700114014682606,1.770493966829497,1.770082273889502,1.772936541369138,1.7910338437796738,1.779494144953213,1.79614433424761,1.8011146792553276,1.8143683944559688,1.8156513872308242,1.834349983639006,1.8614042520119627,1.8308139634588394,1.8396920631458398,1.8700494880202116,1.851908921108455,1.862468281838958,1.9034102969430209,1.8738514388371497,1.904745388657076,1.9015651908166538,1.9459443497479996,1.9653933009758664,1.9628270844246074,1.9806214052939068,1.9878431208338634,2.0297091384650434,2.020708999158969,2.0175721971238794,2.011460714198839,2.0590041025548467,2.107306916673738,2.066488419003029,2.1497746438474716,2.1309622673111157,2.1476380139065756,2.169342208964992,2.186541794340248,2.1832634214153703,2.23669398286857,2.237960342876073,2.288250275879937,2.2881820538636757,2.2928779966999016,2.33989728956395,2.348438462047421,2.3872206870035027,2.399149936828702,2.440213057144162,2.448859281559034,2.4771343162957304,2.5119177849418706,2.5356625884739157,2.532140363043318,2.6168437577959556,2.653284744696989,2.6847060949020447,2.6845754477502566,2.738369134574776,2.7719497454454722,2.8183715173008705,2.8570818527538733,2.8937592509886385,2.952566011649788,3.022742207902046,3.061099842886322,3.128413620551911,3.183948602403753,3.256468813498058,3.3214221019180807,3.3682874371607188,3.4467953888805662,3.5466240427218203,3.609656086202346,3.7317184927451863,3.8159325597493066,3.933263861912161
6.0,-0.20868536977718835,2.0,3.7570981343545395,3.82944577265434,3.925150265909884,4.035949736799633,4.118373232906566,4.219475798075518,4.363806985913965,4.526867424201965,4.612437854191303,4.771242493410451,4.96409015660888,5.116645692578149,5.337179379953661,5.550220719395868,5.800140047965946,6.038070032439525,6.315436764748409,6.593351216416018,6.95462266818562,7.360461721155076,7.74192771837536,8.258319445310985,8.744519551723819,9.441288705318676,10.099333040325648,11.0234631869438,11.926451255730724,13.242329300198056,14.883768511023513,16.62276949886933,18.477110083863778,19.122802095841603,19.68922769733991,20.067574277905404,20.408616007711267,20.669871273300934,20.91232810324862,21.120718300159712,21.256998914081993,21.406902668151776,16.670254843621866,12.580955069918675,10.414106879595469,8.65867832169919,7.5688453070070665,6.582511560742081,5.8426848557399795,5.339360352483652,4.853709329382574,4.480489162405021,4.142365904250688,3.8871354697859983,3.5964191235794374,3.4129683931649804,3.227425323048196,3.0307342651298796,2.918124801088392,2.7745834564852836,2.621884854109778,2.511936161607964,2.4170522336596454,2.314563628352702,2.238287824530053,2.1626320215725365,2.0795590108666913,1.998477858949876,1.9609556281102676,1.8971887872325928,1.8702690062499276,1.799742085698569,1.7280367658043072,1.6975676435730818,1.6735571339164597,1.6271632920270522,1.6065890466735593,1.5630574291031132,1.5718032419278511,1.529013820198633,1.5386250942312496,1.5321176428671583,1.5123384747651947,1.5051576420712791,1.4911442057163211,1.4890056956242632,1.4902109823114478,1.4988239123845168,1.4994605835255046,1.4834402809688187,1.4771758223949587,1.4898376533126667,1.4905388525129617,1.4846725352429266,1.4888675042954376,1.486990160285301,1.516575982406964,1.5075724573808273,1.540390827989987,1.543109241041457,1.5721788124825093,1.5897117061581882,1.5972347928167825,1.6384854507189572,1.6240229752984112,1.685842679759396,1.7121462509657799,1.7353629498168397,1.8081973265084414,1.9170045567354859,1.977773345030176,6.0278979398542685,6.009729547224909,5.9642168339600135,5.973585511689097,5.946425878369573,5.881775094769694,5.864737050233721,5.828792459202419,5.833888603806254,5.811695586175843,5.748025104674474,5.71698068168226,5.683876380884714,5.66404845838145,5.626537580521085,5.606018656351551,5.553232352713593,5.518228244398824,1.5057388051771892,1.3542928052165915,1.2308681500916285,1.1283764245831978,1.0449296957974528,1.04927128152877,1.0539716059948316,1.0590383977284328,1.0644800798102094,1.0703058053404295,1.076525496618726,1.0831498883557418,1.0901905752815355,1.0976600645616092,1.1055718334833213,1.1139403929342113,1.1227813572603953,1.1321115211689983,1.1419489444249933,1.152313045191584,4.640169987980358,4.593104804835426,4.514827351790881,4.496794081772886,4.42659843923231,4.383170260712929,4.34575639154337,4.321909750701054,4.260302161236126,4.195387462339226,4.189518923609306,4.113451119261525,4.052853508252616,4.033902913289562,3.9744865402250644,3.9686532122795652,3.8735482364928364,3.8517126093998515,3.8227607187319546,3.7753490007764277,3.7306058901050565,3.6896179575826276,3.646758164330949,3.5917456464332838,3.554839403771954,3.502596080726605,3.451738594777937,3.4106136296218357,3.3841432902808535,3.32784904475681,3.2997078086120712,3.265975072526802,3.222496004810288,3.1880566633131933,3.1525934310444717,3.111554186124955,3.0626121969943583,3.036731853496473,2.972835206945395,2.971130706419134,2.9353835135486523,2.8940945542930754,2.855174854333559,2.8397026195075594,2.7890061915739506,2.7516126728332626,2.7135699339857315,2.7152846231949916,2.660395250625538,2.6647959552365146,2.604889132495936,2.6009888335661944,2.5631793556787077,2.510293964801596,2.5099707134586233,2.4745571410206093,2.4367403840152484,2.4010469039884987,2.4156005143785766,2.3677734783570306,2.35101354559694,2.3270395263713572,2.30038482767608,2.266015796931944,2.24613553073758,2.265190249396199,2.182288317066702,2.218048258362906,2.16066214692353,2.1727991777412785,2.1327948287802774,2.1061038466553605,2.085542391988175,2.1068577103944026,2.0712913210607238,2.054120423292688,2.044761548751835,2.042773999378085,2.0218481021507424,1.9981354925471955,1.9915164165386552,1.9506768864707373,1.9630306743392387,1.939959664714682,1.9217129840474072,1.9218992879436059,1.912599713710588,1.882496333251816,1.8754758820419102,1.8906614510383726,1.862344911723504,1.8399433303578145,1.8478693236101669,1.8362537803998942,1.8197934157720486,30.006626761204515,1.7990972830172451,1.7972402935168714,1.7873673376618697,1.7743177516612416,1.7571925932115704,1.7983505669319155,1.7898106160208038,1.7924979887361177,1.7666397029861263,1.7403831556319898,1.7666345695713364,1.7562974722052596,1.7634019045804437,1.753089815620776,1.7563912888681312,1.7426525980301324,1.7495998239949846,1.7129915491691294,1.7222200390774276,1.73730697033812,1.7419895841027255,1.7192263162347505,1.7468844541593467,1.7353940506012837,1.7003833455621846,1.7151062236323598,1.7427396262626709,1.725183778746411,1.7391256176943186,1.7185327073621555,1.7277075047161559,1.7234662161354342,1.7430697230129841,1.7282523413039808,1.7408784295224289,1.7363738073296953,1.7706826591049978,1.7329986039946896,1.7344311883526198,1.7451741586841258,1.7640368733203229,1.7495141465095723,1.7741057050545017,1.792555124135513,1.78367090296497,1.7852311033499002,1.7911536448885421,1.8081802284694646,1.8036312255233165,1.8219176344330281,1.8059249085667488,1.8292634947476938,1.837468584785395,1.8422705829517976,1.8612959664599324,1.879395790821912,1.8773960093377406,1.880510709973023,1.903672260856333,1.8998111454069428,1.9077106207539332,1.9522297924404122,1.9207991016538195,1.9614912531923587,1.9782573586158345,1.9738239622197542,1.9932591649752704,2.0198076666796987,2.026945499352636,2.0426501242998194,2.0670327694604613,2.0773388395643306,2.089727324280047,2.0920622985659474,2.1223030817411677,2.1523704034390594,2.1625948742928447,2.190652264510584,2.186564846035144,2.2206179650070403,2.2494079660502537,2.2568561049014515,2.270506946258568,2.297735129622236,2.3347504979836664,2.3483918915266235,2.351955786810237,2.4226350156327796,2.4112245728489214,2.4394900380868205,2.4880541180337636,2.539513621100242,2.540172444709759,2.5511393601360823,2.5966615061097813,2.619224705125075,2.661402546604375,2.66505961864392,2.7368188667983957,2.7280860840935377,2.7758604621958995,2.8064225680389243,2.8554677704149465,2.8896029752517425,2.928419403220055,2.957599399229533,3.035899300518182,3.093332991637934,3.13872260139344,3.1778009235888347,3.2326201809623036,3.2731623374100525,3.355879094796215,3.4113852427825626,3.5053570670048217,3.556552925317979,3.6544010225808257
6.1,-0.52,2.0,3.586689994325584,3.6692288044490913,3.7348522404193005,3.8323854494114995,3.9255756484335396,4.000575396800451,4.100236349058669,4.213055926689524,4.306939753054965,4.4625314679815276,4.557985105551737,4.705705300038017,4.86098868918918,4.9956643398828975,5.154196637008541,5.369976419607966,5.586957890855083,5.777315700192855,6.024928601281696,6.261615030459676,6.569547091712925,6.839912782318021,7.229164597455346,7.563600890712441,8.023170037489683,8.566980597205795,9.058640318226189,9.750789086623614,10.410777901782316,11.331730401850601,12.231612070016798,13.524569761750373,14.830515504794674,16.824025657479787,18.62725357897243,19.285388338297643,19.8388409699362,20.219316405151456,20.56981835076867,20.81754759091633,21.07201720347608,21.248820470420306,21.426982782182243,21.524016171072343,16.163877787905147,11.827558609961908,9.658604290664892,7.928880130633708,6.906526656290076,5.9561480377538665,5.373183001092686,4.793246533879463,4.311761535860715,3.9963812632533475,3.690605235046195,3.461118236851526,3.224063416930197,3.0342276914099156,2.827043182988422,2.70851104093108,2.5565902792300568,2.385045578497898,2.302264805746855,2.221025307021261,2.13675200001897,2.0399936890052666,1.984909651164194,1.8989693024726868,1.8211795210039465,1.7742137704925116,1.7188220155769232,1.6959431225135921,1.6424744827534865,1.625179597596793,1.6204817853940268,1.587879962600394,1.5840522117952378,1.5494603848854809,1.5056130079426722,1.504810668148859,1.50430416464886,1.5088195252389818,1.499380267338415,1.4895098083713512,1.4712137848183573,1.495598952664666,1.4864986215230345,1.4795144443332717,1.4801324259645081,1.4796200966178834,1.4844502632072334,1.4858339846807433,1.5182327965597182,1.5208364911566732,1.5027733526639144,1.5159473660578657,1.5586636469780073,1.5600571119516975,1.5651003197907363,1.580155276984272,1.6243373029534587,1.6237255824777839,1.6640870139537691,1.6998598701518606,1.7423066771544855,1.8020710221186602,1.888684699094083,1.921402360349969,6.143419207162118,6.09896605887198,6.02941939819031,5.991274845502458,5.950005939275205,5.909966674627214,5.881461777284165,5.849600575149899,5.846757807759968,5.807747228649763,5.788157897190589,5.724289666818421,5.7197033236312596,5.68423733323398,5.631735541672834,5.622086616968744,1.4575193862829323,1.2354054688060319,1.0723195818422093,1.0247908090464852,1.0276414861397098,1.0308230597629513,1.0343405620849568,1.038199599882097,1.042406376792449,1.0469677182378339,1.0518910992043553,1.0571846750973577,1.0628573159148185,1.068918644014498,1.0753790757851271,1.0822498675711052,1.0895431662442394,1.0972720648657373,1.1054506639378365,4.7944827289831435,4.756264353585855,4.727117250519234,4.642039052382932,4.6175156558103865,4.575230134472735,4.491692530787184,4.484888579171767,4.426787551125069,4.355235444356879,4.313054500085427,4.297306580585104,4.230775390530551,4.17997543770054,4.141036708207201,4.084120343665127,4.053468387561982,3.997813373958524,3.9562413654817403,3.9112423077772496,3.8660088199801006,3.8551098857795543,3.773162199644023,3.7258465849720155,3.697963638738045,3.6369559920358703,3.6000911971307565,3.5595464704574535,3.4986960971316923,3.4656245518207536,3.445981420197037,3.419503516490898,3.3505979843023117,3.321756162191479,3.26491273863506,3.2405839786426904,3.2082137605251058,3.149516030595255,3.105588538429676,3.1076580832159313,3.048799692357524,2.9877722387681267,2.9490185670563687,2.9362310036009154,2.8912438547960213,2.87148651956906,2.8387612014298154,2.8055406957464397,2.781678781248957,2.7306614497698205,2.699321000727232,2.657862616881251,2.666222038812026,2.612474533648833,2.5754096650981047,2.57526277725473,2.534141615798494,2.5158516566887505,2.486134951488696,2.467568689921066,2.422117506216317,2.4066161351400996,2.3619367632023,2.355988771634743,2.3408448421034938,2.32046328414121,2.2910547948163544,2.253768295171675,2.262385837151281,2.2050448076252005,2.215828922898309,2.167885995783957,2.1599327203137912,2.107172135387692,2.126820651111675,2.103033139000777,2.092683395612082,2.056814376729182,2.0457425699661953,2.0603063916025866,2.0144175162984213,2.016245628056369,1.9807869592653593,1.9874947647651202,1.9810048743814321,1.9554990687030724,1.9616044930826884,1.9468663130134185,1.9101094564743657,1.916696652480867,1.8902204319409528,1.8935639171295167,1.8885670774736671,1.872949711680369,1.8507523300623527,1.8529894175546022,1.8406776023105527,1.8150438877620316,1.7997417639952737,1.7940999172756762,1.8006904249382016,1.761481543580945,29.974061517761022,1.792853547006131,1.7776327704091628,1.7551907934345354,1.7620092981322448,1.751701645625837,1.762017776641588,1.7386761075202237,1.7292284845546675,1.744706667007876,1.728359678797671,1.7413202831935686,1.7389129585658478,1.7593071218003473,1.7226644978954602,1.7426312155936272,1.7257273272040847,1.7366583134689535,1.7411486208310025,1.7334531731695917,1.719234411321918,1.7237134378826715,1.7147604940000576,1.7457898136243348,1.734018918497063,1.728907484577393,1.7318093713107845,1.7303380972804865,1.704517976316392,1.722967368612408,1.7105627799036158,1.731711159656298,1.7412178959942561,1.7552792585602777,1.7467143118981028,1.7366627969899828,1.7594142768589658,1.7559031196483312,1.7598639599762613,1.7865755252902724,1.746184437396034,1.7620731437274049,1.78991787613741,1.7704508492151865,1.8032661595929251,1.8213801684538904,1.7942764743458535,1.8234544680649756,1.813913332391771,1.8482769161288641,1.817172157555732,1.8495254649757857,1.8659418196961188,1.8626049161084064,1.8898601884836228,1.8957765345168003,1.9321615982147025,1.927852541922811,1.9230868384684454,1.936922088517169,1.9411693155512741,1.9680377706358076,1.986033259038213,1.986232311931632,1.990938687301149,2.0314170386771577,2.0126554405928565,2.0354753002309205,2.065475037309258,2.0703360801084036,2.101302948927628,2.111885318623845,2.1454291032719834,2.1632903368641734,2.149677166888182,2.182971895696472,2.2267288157284506,2.210007908886099,2.243698035191031,2.281789834096999,2.312557251599481,2.31260764146447,2.3389119954837048,2.370972653863817,2.389759418900369,2.422373585190041,2.4537442135013725,2.4625969630015616,2.486166261566925,2.5443425805019966,2.553921249951898,2.591298094862231,2.5997968489833982,2.630196338822276,2.6421367423484323,2.712137856975913,2.749042193003368,2.7585308996223534,2.7951303104497986,2.794465479547984,2.8329519640388097,2.8847985308760387,2.9080395177316944,2.9534416845083538,3.0070320073322985,3.026618186121179,3.1086655601397055,3.1335161135965377,3.176844463292056,3.2475947416299573,3.2777374291109864,3.3565308425407814,3.3912500871163194,3.4417393263804796,3.5089601025838086
6.2,-0.4597031802704696,2.0,3.3642658039043645,3.429680373527145,3.4738707195427114,3.5559374123912075,3.5874434713721555,3.69644335833275,3.7401005211855525,3.814271827091562,3.8794018353873847,3.9820295938549433,4.065162577925595,4.158913366931341,4.266202251349105,4.340444718006382,4.4576374831866445,4.606360145269013,4.723974403975185,4.850520642246966,5.013025782785855,5.185995237038872,5.326745335292244,5.519578004119599,5.6895280666915236,5.945075092790586,6.153586660664986,6.407421969000019,6.709699190584832,6.986513996503321,7.335996357737426,7.677349288616674,8.085059269653087,8.524116980745081,9.081539346626816,9.615320799134249,10.348321757023289,11.182683006321312,12.019693764424964,13.185994519892043,14.384794503771813,16.057009160718703,17.84039769582042,19.12798983619519,19.64506743665876,20.170897151695275,20.54952714165057,20.832970116989408,21.106128917420804,21.272671125630012,21.475811396446048,21.58276802429738,21.71124151206758,13.297076153766282,9.741689431537411,7.67470856644042,6.514955299566953,5.51876644885565,4.911717498962204,4.320828528562161,3.931678654203859,3.5687169693296394,3.3024457148692297,2.991061723682847,2.7902176984381173,2.633389014093466,2.45562667311834,2.3229943694637436,2.194750436779241,2.1048263249454258,2.007333273973789,1.9154932863035397,1.8238891586487578,1.7416488203141252,1.7159292737733507,1.6741013796354665,1.6500338105225474,1.6153373715013175,1.6015653039395867,1.581115298718261,1.5594749473314022,1.550889942042447,1.5260892594492008,1.5455934144480468,1.5140102970177856,1.4865044106324632,1.4990327970980897,1.4678202359505024,1.4949346578443519,1.467481037159137,1.4688165149953225,1.4651523467182794,1.4720781734721522,1.4942171305801404,1.486828635913164,1.4725652205453983,1.4937477244237547,1.498456643192085,1.5253149397360604,1.5351597377792954,1.539692598348444,1.565368213383398,1.5752746449565398,1.5866923894674063,1.6312005689321067,1.6637451322132573,1.653150363967518,1.7006262133959054,1.7592429697966079,1.8105956992412444,1.855284924448277,1.969010436144834,6.227615572095584,6.146148399048556,6.115810537298742,6.073994827942142,6.0137093960267665,5.95988845806465,5.8928594079295875,5.854296426088121,5.838072009889956,5.804429594977855,5.750319983072771,5.709042830867184,5.673911736883253,5.670714468413418,1.2616292012651649,1.0126626877758071,1.0136344120334748,1.0149175697527,1.0165141291464737,1.0184265474937564,1.0206577804138153,1.0232112930885187,1.0260910735124518,1.0293016478659918,1.0328480981228867,1.0367360820216023,1.040971855548945,1.0455622981055495,1.0505149405459633,1.0558379963116382,1.0615403959035217,1.0676318249725196,4.9328767558841795,4.888750421643811,4.816185081945343,4.775415772085343,4.739405687513196,4.692694235406768,4.638958750275921,4.608082046927609,4.541514867517096,4.51706820214066,4.476135797894628,4.410562833466773,4.381119622452299,4.318803591335786,4.276564646240583,4.240934042720221,4.184450915991724,4.134510091331963,4.124000761981562,4.034946958093653,3.9863162977700757,3.9481678958876585,3.944111839156238,3.875481150073954,3.8472656141330583,3.776945407473614,3.742565526985036,3.675389472391355,3.649917594602063,3.605183498429649,3.5407052565548955,3.51037380465818,3.468887946822146,3.440225602846909,3.406399421833092,3.346225199400639,3.3022833669051024,3.267091563946034,3.239950145434071,3.203716459441461,3.1542495626739733,3.108555402518661,3.075320519658068,3.031178821674313,3.0086773783191756,2.986344894142625,2.907024194397098,2.9065449403098387,2.8784610109402937,2.8308706868328013,2.7959192157576744,2.749555050157279,2.7423856288129667,2.68630362607741,2.6703232293690027,2.6119234601994696,2.6238392688800456,2.577939723966761,2.5592005469052967,2.518142714002735,2.4957608936963576,2.474059701915459,2.45713243133891,2.4183382746250337,2.3784613809761113,2.3931752530442743,2.344644130044678,2.3242269462636047,2.2968097451953686,2.2746062000051266,2.2562507307470505,2.209178757217011,2.214734674792498,2.217584843433072,2.1812267495551163,2.1400420928264485,2.1568320928862432,2.1105654333704926,2.1231116179458627,2.0857182228149904,2.0760285982519076,2.0497854796361596,2.032201364265147,2.025460588543043,2.01487083367899,1.9864373795755692,1.974977677362251,1.9850480929471936,1.9369767484955336,1.9225004079614954,1.9446911300713148,1.9484200498559292,1.9182349054301202,1.9121405666126068,1.8959724008254708,1.886483281479452,1.870723191050629,1.8816754750043025,1.8462854823368418,1.8437938551730828,1.818140621799902,1.8252657179323477,1.7941406945259595,1.8098567061189,1.7980142321578154,1.7859425643255098,1.7961211906743657,1.7995026208580074,1.769897113969901,1.7663983743449405,1.7567834061916958,1.7245705131552258,1.7606919305854793,1.751844744825554,1.7410832869028505,1.7456840824719355,1.7204017786031849,1.7280437641420316,1.7556268623595586,1.7152620274127608,1.7306938932855576,1.7213633999439613,1.7053031615256282,1.7246884745188507,1.737282544349197,1.7081682892438803,1.7109956667544222,1.707330924706957,1.7191194076573966,1.7296070840814224,29.99935611198434,1.7229475365186022,1.7455565031084517,1.7148526927357437,1.7356989311736715,1.7145857342940827,1.7198947389053503,1.7304876604605404,1.7069361281867172,1.7343740714240015,1.7529329445087591,1.7558027873837525,1.7601220142687628,1.765671579198884,1.7455448702281453,1.752274477783822,1.7625381996302993,1.7894818338584686,1.795416394135402,1.793847027649691,1.79391815167376,1.8191898196943455,1.8124668661679202,1.8403835872962584,1.8345200636304522,1.8436830240864082,1.8534196594775718,1.856175980176284,1.913994549357639,1.8914687925167277,1.9173894062971377,1.9028959636714953,1.9297068260271697,1.9239107286961425,1.9477722496336218,1.9648499974691231,1.9664906850035369,1.9566261743133435,1.9754052789739622,1.997861511614024,2.015576225255146,2.0337131239258412,2.034028721945132,2.0645681572105237,2.098787581157276,2.115779570542361,2.1063568743854284,2.145007214299586,2.143977504746502,2.187857548394577,2.203384779983541,2.225475215429,2.21277305944393,2.24755749104913,2.275187022735149,2.2796443799881243,2.329878405783532,2.347397777886614,2.367760470541437,2.3656406566646777,2.4220073385159755,2.441136948911006,2.4561911392778635,2.502770502356622,2.5047846631665083,2.571148524854204,2.5986040770277166,2.6366850665066845,2.6467331353674672,2.672194550134961,2.709800377482003,2.7361230501280223,2.7622530499735953,2.788692967230341,2.809270469605972,2.8503527382175826,2.909618797963624,2.9225802173355753,2.9509685167248008,3.011751093346185,3.036216741515335,3.0553125822143485,3.0958447834608496,3.139990495310495,3.1611820300595017,3.228393250683061,3.2758865877723187,3.324231330082308
6.3,-0.5054142198496254,2.0,3.0588226039079105,3.1199675452957614,3.1308891070837936,3.175059155995591,3.202502772939555,3.2574205135043437,3.2936503332152016,3.32604548037089,3.379602336906778,3.4273412212285663,3.4722251937211013,3.501621489333475,3.5759313355768123,3.616935542784297,3.7012491764981634,3.7649869927308033,3.821047008157649,3.876925491610664,3.9356134331036885,4.035478830652905,4.113829925424679,4.215440365590883,4.293302705223588,4.390249663059428,4.4940788699028085,4.608907777587947,4.727138223697747,4.8147609564473655,4.989050473006418,5.104940031518109,5.268554366211635,5.415607182214206,5.607193444639842,5.771067847849181,5.97775877981218,6.209814076905953,6.4417188568270936,6.703604217689416,6.959106267998886,7.277007893123604,7.654457137560422,7.968307462396112,8.452568686609034,8.864239217862588,9.38957695142512,9.948634052386998,10.661908893572765,11.354922411541708,12.297929948679768,13.441105377584607,14.579755195838858,16.213551536406715,17.907685702718855,19.196044358753486,19.751489309143512,20.266860977462844,20.580988511825176,20.88586067862778,21.186586686681622,21.38920965416382,21.538274362979823,21.694259994681747,21.80826665967451,12.151234199082342,8.38628728607879,6.654063924046448,5.3394238998201535,4.451531621492604,3.9294268513892776,3.451551813565437,3.09807100912198,2.7857541621860733,2.5593624030157454,2.3508981948346346,2.1969841315601117,2.046175254761882,1.8931563586789262,1.8031373596177918,1.7750110726018893,1.689718174031331,1.6553226329554251,1.6305274781442423,1.5792813492255258,1.562703757128706,1.57457578086029,1.5354916348654815,1.5003576125459013,1.4786320391872576,1.5030598161868822,1.4799688876401085,1.4779975377260117,1.4893074095550622,1.4685967691956328,1.4590408261790273,1.45847738217295,1.4716990197697446,1.4642690142270092,1.4594584417011813,1.4549604182484686,1.474729340093767,1.4479498932527561,1.47749290213709,1.4550504993105204,1.4930995162950353,1.502130321326318,1.5041582048121112,1.5258405495335028,1.5326592216459387,1.5696698693884787,1.5679064391927544,1.581100826254027,1.6133460079305801,1.667038936421575,1.6679535902703477,1.7327537623015796,1.7590676894303054,1.8390839563988026,1.9256561111364774,6.305870885559226,6.230118339821695,6.171221068263107,6.077000963369601,6.04379511516027,5.963503751154654,5.935296358987761,5.88229376497389,5.8625490629731605,5.800051735512778,5.754665373772714,5.710457836354042,0.9849305841136976,0.9848217435319667,0.9850130509493411,0.9855047980133694,0.9862977350151513,0.987393073685444,0.9887924917207297,0.9904981390707704,0.9925126460316345,0.9948391332011418,0.9974812233672713,1.000443055414493,1.0037293003483783,1.0073451795554127,1.0112964854328956,1.0155896045433914,1.0202315434696678,5.035775801444768,4.9644963465777545,4.941845643628604,4.895951226622486,4.85177624295635,4.805886171779878,4.747116671131558,4.730427065668173,4.6776327678514615,4.606582867599919,4.546027987307615,4.543311506611193,4.502157283190478,4.479422445075328,4.3973318802690144,4.3710649536143995,4.3389208640650105,4.2719193837735485,4.2300978546027315,4.169258426904218,4.116070000175438,4.112621123661906,4.057239489233277,3.9767365193293376,3.943593032403015,3.920524455280866,3.870887139481064,3.825700381126599,3.769881077570856,3.7282638776407193,3.678086063241857,3.6587584474412376,3.595947449658391,3.5638242836564165,3.5012718558347076,3.4606318476922895,3.424887407893439,3.3865063521001826,3.372128363287881,3.3150964239897998,3.2769430643783024,3.2110725932768567,3.20319667687882,3.1675624850570645,3.1319608944545347,3.0866362919369528,3.0464899546235054,3.0212273857867906,2.9676293624766092,2.9532240827912393,2.8990399812173644,2.888536973128668,2.8386642834982654,2.842662544902194,2.7786157266203464,2.7294274293282874,2.688782592344971,2.703372303581099,2.674863471169564,2.626235818719108,2.6008709701652952,2.571307920267857,2.5443553388724913,2.5159258564745772,2.4992000191357704,2.4736347213461705,2.4533539051991373,2.4277115832597085,2.394951397548542,2.3707619014385037,2.341134091004278,2.3496814995585575,2.3158743247030404,2.2787420452327063,2.2665775107006416,2.250327946216181,2.210953692106985,2.2007382885823534,2.2033683789749197,2.1473992520084466,2.131948048246562,2.135814859618806,2.1042817927097763,2.104992946168306,2.086521325629918,2.076058991604126,2.037287606097157,2.0396006061057252,1.9978895185001064,2.009463708501926,1.9882990613591882,1.9851669693206087,1.9719986861793162,1.9634137977585575,1.9649625284012893,1.9366296280800142,1.9116931136010307,1.9211543176214207,1.9099518928197636,1.875095927099396,1.8958494843197449,1.8682344049713744,1.8378578527487055,1.8784641137382847,1.835750718710208,1.857637941530735,1.8486493108383852,1.8040053738852746,1.8304188030643285,1.8107488833989327,1.8195554125649944,1.788472209991661,1.8006751077701406,1.8003756917665363,1.8022507620879198,1.7634705803870971,1.7543778607041194,1.795269522245785,1.778921090294737,1.7612229942162552,1.7449439925418457,1.764159337604182,1.7366398516418862,1.7529064370093785,1.7528880393172632,1.750322704866943,1.7168413473518391,1.7545349080247652,1.7387592794667368,1.7466306194155268,1.7350115266001125,1.7417788132606424,1.7394552862489776,1.7190383435434191,1.7446448403529986,1.7305093384275145,1.740831884941773,1.7558942575112237,29.99047600859057,1.750927981382827,1.7448366955743766,1.7850503204584862,1.7626562155034136,1.7531768999725914,1.7791975689196513,1.8032922378980967,1.7665186568184514,1.7732125342581642,1.7831594179143864,1.812761642429537,1.845151284649561,1.8124142854987393,1.8106588232690684,1.8303961924196777,1.8335742493694311,1.8449029110280948,1.8479025977197068,1.8595812942686474,1.875314850850758,1.879001832950056,1.9039774538094207,1.9114041178984382,1.9117641301339185,1.9355851427501636,1.9390790077450681,29.980803576729514,1.9544504013902408,1.9892281120823467,2.0040758307764057,2.0112772550376508,2.027431094910524,2.043549214493211,2.0467411774586,2.0616960156459174,2.103600925285526,2.0818004737595466,2.0914724184187503,2.126515623920916,2.147155005053678,2.1431136573423717,2.1745680978752935,2.197127483190707,2.2163364550882134,2.2627024084184697,2.2343074688449702,2.2580831755638107,2.293957822213612,2.312627681401084,2.331259337226672,2.3421543008501144,2.3873164377063336,2.401060556189885,2.440803919719733,2.4624203970296366,2.4717086981664522,2.5294961386277053,2.5386498405764564,2.541227379490037,2.5735701406663276,2.6158628567067908,2.6696189895214593,2.6540467575584685,2.689350007073856,2.7366562270652564,2.7823647991267966,2.7985849713697735,2.8540744724104314,2.8506007979292756,2.9008060576420562,2.9290965293637545,2.949844335026222,2.9969134185968915,3.044349195069617
6.4,-0.24401237943648238,2.0,2.9890678132692488,2.996402234391852,3.065280861752565,3.08330010851361,3.122268961484016,3.1876914911055327,3.2130533194985196,3.215365979252061,3.284814465395787,3.3073568597988405,3.3580393682067915,3.3926414567481524,3.413509390766874,3.4788516361299022,3.497567239967804,3.553323098940044,3.5968041319939417,3.66555382563758,3.704437956064879,3.738234493003026,3.838658488973082,3.8891218317984384,3.937020406436764,4.012846712074317,4.070934380112595,4.157858419908959,4.193954511281883,4.2795142104996104,4.364489520757963,4.461240027964041,4.575525190162176,4.6721848967347865,4.775445787381052,4.8954342360997,5.021724149375184,5.14211670372159,5.2999663433321365,5.428043088058103,5.5872384874186665,5.766823924662166,5.9504887558814925,6.13045694823553,6.353226257383248,6.610399036692283,6.839425656421812,7.11481468968805,7.371239352163089,7.727455513054453,8.033439599705194,8.453814178122805,8.848037436680805,9.382482237235168,9.959746135205235,10.522918174280258,11.238003192318066,11.973890645114752,12.977342871116186,13.951699966969315,15.312627251846614,16.721297768166334,18.615377435583245,19.503473538193955,19.999997451505482,20.485630782407235,20.77580406825516,21.08474181272048,21.307105084864887,21.529705607069353,21.640176315847594,21.793073318933722,14.088440628859347,8.363276241440053,5.608771907743961,4.398708127042833,3.515571117170015,2.9951145483866055,2.579012306211216,2.265095791066331,2.0059302512541666,1.8225893622269922,1.7801781145111581,1.6953265521989453,1.6877266522615666,1.6118517034522828,1.5804193812225997,1.5712575662622956,1.534818763207782,1.5041546335922338,1.4819754305684816,1.4912417288823276,1.4607138807160065,1.4716107482040408,1.4431341104308983,1.4461391213995198,1.4354138405929564,1.4278956858538605,1.4298771931572092,1.4071763801515602,1.4179608538513229,1.4063324556410035,1.4167949601683165,1.4310355441275247,1.4136486408012745,1.430352337331712,1.4183814538489017,1.4444193362284798,1.4323263808561157,1.4364795566996902,1.4501404208454987,1.4614195496956308,1.4849265405007865,1.489013872874297,1.4950165696372462,1.5309427704648615,1.5655543823591782,1.565844359537297,1.6135588191843147,1.6652352262262693,1.6891767240837539,1.7582282248086414,1.8305170624803355,2.0228023171175886,6.377704382393224,6.3206226811257515,6.229163065581728,6.15978069860897,6.10276845613604,6.022829902642177,5.974363860428845,5.917461652978741,0.9593613126492349,0.9577039332122523,0.9563431885621855,0.9552769880346895,0.954503698484122,0.9540221381625204,0.9538315723052996,0.9539317103929228,0.9543227050695237,0.9550051527109861,0.9559800956464203,0.9572490260484477,0.9588138915193692,0.9606771024122375,0.9628415409382513,0.9653105721248706,0.9680880567027518,0.9711783660142326,0.9745863990517745,5.066331009684441,5.041910213110005,4.981707908483173,4.944013536377963,4.889365786021552,4.848801836045489,4.813580245001371,4.759871269406168,4.738888315287201,4.686399156205106,4.6185216725188525,4.591820349091002,4.559852806549706,4.474030283540396,4.462783507405956,4.405692118714677,4.3563653117721435,4.338924508472325,4.276756629677083,4.238127776017904,4.179140967037009,4.14695582765167,4.1066524103935995,4.0599140947774375,4.009927146518956,30.008620243868435,3.9379798774213155,3.8989264710871003,3.842029011718468,3.771593869699843,3.7866624320189044,3.7180209152147854,3.688469661619509,3.618480971782349,3.594998062723956,3.572397916819971,3.5021010786794227,3.473525792799266,3.4310717239360837,3.376799020096287,3.3508623122892263,3.2929395537077397,3.2619463911300826,3.2195609537572096,3.1910530674216426,3.157822443594657,3.1343923820048616,3.099099637437858,3.0442189490489917,3.0105483441898517,2.9988135129147393,2.952595576106449,2.933569907833452,2.8690657646905353,2.8507178597712675,2.816625164923058,2.78312319939008,2.751750550873424,2.712843290405424,2.701274464163232,2.6575854287370997,2.6337933220847916,2.622799651309515,2.5838779217832424,2.541649348263819,2.5490581414164573,2.502643549365184,2.496196670764507,2.4492940416378675,2.439110710862901,2.3953835734325897,2.373963685811447,2.3683508033209764,2.3465902617283287,2.3322929306701012,2.2953068532255867,2.3025750201292547,2.2641737269419613,2.2610935348859447,2.2179650728434215,2.189040363165645,2.184340323322427,2.166905431179259,2.1585921492679003,2.128491225653076,2.126149463560981,2.112389466969665,2.0820487593870283,2.092923043125945,2.071770656734103,2.0296394354969864,2.023698538457587,2.0321683613191337,2.018385373184575,2.019507453802732,1.9989895626974101,1.9974049542259358,1.96441125528248,1.9594157172923234,1.9500370985201607,1.920644217992226,1.909910308426156,1.9374818905751048,1.8953675280105824,1.8841679987832876,1.8877772154634294,1.8973636669763958,1.854092418346091,1.8440309205641436,1.849813199963079,1.8572939505281152,1.8349974506913107,1.852145348071406,1.8099983934276107,1.8216754670971125,1.8355872301104588,1.8086887245937542,1.8053696860696724,1.8010222069818662,1.828743175535177,1.7992200081706922,1.782042643508615,1.7989370253607335,1.800146347127772,1.7853270873982656,1.783426610988678,1.7958066655872527,1.7995764906543823,1.788318590216638,1.7688383826835277,1.7948078802725733,1.7821026758906895,1.8033498366168594,1.790374767312811,1.8071853405721707,1.8002367680862008,1.8137109522174362,1.7736410904866624,1.7762048332190374,1.8060652336128016,1.8011914930962598,1.8052231678474893,1.797550996337831,1.820752045490598,1.7991430623100086,1.7989400941178202,29.983289288469436,1.8425211057633288,1.8191362955911672,1.8340951213031291,1.8461901100342766,1.8670293675886036,1.846208648163819,1.866518296529398,1.8639179543662905,1.897064832057944,1.8947859237563078,1.898529380665422,1.915183846305221,1.9058150399063924,1.912739337363351,1.927802595688675,1.959552429676505,1.9374630329986628,1.9502968569139023,2.0011903598005945,1.9871788608896237,1.9974069477074905,2.0091786850648026,2.017211022895702,2.052816450880218,2.063048702764969,2.0741377014199602,2.0725276940040605,2.10402809193327,2.126331576464025,2.135216207867766,2.147144597706531,2.142500114999962,2.1897508891856434,2.193294742266772,2.2134445600702297,2.2143242503069813,2.2489261843458714,2.289968718177265,2.2938692891371733,2.3085283495940123,2.3411060005239137,2.3437646213055547,2.3743482425014304,2.3787722851624737,2.4114987864901605,2.447477927078671,2.466864616991625,2.4940337810052657,2.5317510337204228,2.544760969859627,2.5810039584572304,2.60582563385427,2.6254579928962416,2.625019404870758,2.6564256993603323,2.710955495868701,2.737935531007381,2.7650209415090194,2.80565841457085,2.8011972785409567,2.8479784931165955,2.904513857773221,2.9218416587235954,2.9245894974189888
6.5,-0.033960262943865005,2.0,2.9430402701172533,2.994146355098735,3.0170809886590226,3.051944126940583,3.0941848533949226,3.1055763785254467,3.1624790243129888,3.184259504758477,3.2203046832884463,3.246756121917383,3.2959171569333012,3.323388581241436,3.3711287508796564,3.410792366028813,3.4315766460466723,3.498429056750127,3.5277089443603566,3.569435387166599,3.6263342940379406,3.6333642161314486,3.6658722015425513,3.7267441046928913,3.7569513729431367,3.8086089319382546,3.868601391903596,3.9343150195364016,3.976736773621885,4.028787608027835,4.103473687097929,4.206187075022784,4.244451942355629,4.306089995360969,4.375032929580564,4.46374662276011,4.560927231916415,4.651164049821301,4.745099828755183,4.830666057056632,4.963217470400039,5.060151973001717,5.199163539211284,5.3146694333670315,5.443050660953876,5.606998823995069,5.733166102538168,5.933993942119651,6.077436873100245,6.289740492066319,6.445213096967843,6.702523625685566,6.891899362058663,7.17905077329575,7.483452326378937,7.767034410830987,8.14550308050008,8.446504843224204,8.879376005512194,9.284694215276375,9.831503670155652,10.315142585540578,10.986880505292806,11.771831176930768,12.477530874812212,13.468814976741182,14.458480258414413,15.851998612850544,17.2292601233643,18.87241815335754,19.56804891166654,20.15567055821565,20.579419123962943,20.87075403923823,21.1873555566068,21.398344783195576,21.60022999175605,21.70729225994023,21.865091513763122,9.419343290010982,3.9065728011018703,2.4697172040085738,1.895550373399678,1.7330044779005933,1.6844643814635107,1.6128032339497302,1.5830235177876038,1.5609938519522961,1.5388956159780915,1.4779694577779865,1.4837616952550794,1.5020985479634212,1.448040771655176,1.4522465552239574,1.4150215217579318,1.4074353714811378,1.40267847198415,1.4053260396887337,1.3842255204180134,1.3880960228692611,1.367051745101829,1.377031269146507,1.3722054388720053,1.3766563421894236,1.3747688772422901,1.357959915992623,1.377811863072556,1.3755367874366795,1.3626850326058193,1.4075843354027948,1.357231865760559,1.3723270771882456,1.4069169090859013,1.3919097854929956,1.4159628343901876,1.431057269112117,1.4454549225255724,1.4767410819851843,1.4746355319617905,1.523826129352265,1.5459750412543922,1.571924854545849,1.6110229111368906,1.6471471086132867,1.6985293638807395,1.8115747397099926,1.963732425209292,6.562669140852729,6.447377798899202,6.354186440898116,6.244391514176298,6.198972955422845,0.9280532276993987,0.9253428572803851,0.922928691537492,0.9208069516818137,0.9189743361067636,0.9174280077276261,0.9161655831828857,0.9151851238202517,0.9144851284035658,0.914064527489319,0.9139226794334621,0.914059368000707,0.914474801559728,0.9151696138586755,0.9161448663863828,0.9174020523356601,0.9189431021962594,0.9207703910166171,0.9228867473854152,0.9252954641965393,5.126241958432681,5.07740358038175,5.03655750377753,4.974006008258505,4.946377028681653,4.910559609295837,4.862638777847739,4.818262629455378,4.772362389133351,4.746748111505924,4.683198890594091,4.646268759359393,4.584376477728079,4.562739255327594,4.517029836387226,4.4910250478642615,4.447574427006373,4.392485065108994,4.3469350199868355,4.301483070320979,4.278244023551844,4.210443462854093,4.1713804564164105,4.112955502513251,4.116682292515586,4.042252534739885,3.9882682010661754,3.9660088451985,3.9194336244282093,3.8838556832798847,3.8472206879034876,3.8033319501312715,3.749701130018277,3.6972584161700914,3.686845119395483,3.6173836508095984,3.587506676842712,3.5258617059302053,3.5110053376831343,3.462596415582669,3.443116439048528,3.4013497219572257,3.3693397261168263,3.3252352924333026,3.2885967925818607,3.2393075806192337,3.226135847287447,3.162727000254987,3.161850841849824,3.095584312181742,3.039188280235165,3.0330814059679585,3.000175079475,2.9645121287685696,2.9301312612452493,2.886183210785565,2.8843787842995963,2.875092781066834,2.8251584848567575,2.770977382805268,2.7707469686187682,2.7315637920157756,2.712831644015504,2.660991193291402,2.624722509385876,2.615271979713355,2.5863438127470273,2.563270904535421,2.5312939965020895,2.5221201069014483,2.480772403567758,2.45630147493407,2.4601312678239022,2.410158644628524,2.41119515344976,2.380031324160349,2.38105899479935,2.3570074042746327,2.3262285382128534,2.3028445336608403,2.25804957052213,2.264939843527785,2.2355753671800755,2.224902147720143,2.23062998385433,2.170596175422542,2.178289965081147,2.181071779499044,2.157748345550709,2.1476222706189785,2.1372017267603693,2.088590829961646,2.096701467101821,2.0881540336487734,2.088306345376125,2.06444492762849,2.009253982637947,2.033529621366784,2.003587801433233,2.0010743029034135,1.9903273644860722,1.9756863997160197,1.9901591518553785,1.970343961216037,1.968532839556693,1.9486748831602982,1.9663865617341634,1.9241466044455175,1.931551081702384,1.9268210461878086,1.9193710250135418,1.9012063960132306,1.8922759996627747,1.9281212458032946,1.8859203203645165,1.9037418771513777,1.879722437416104,1.8889742838143686,1.8717138324900315,1.8522803642361234,1.878649782181373,1.8316940705041374,1.8436981210582362,1.8574013791655677,1.827375600868145,1.8402497498301742,1.835809899430061,1.8458656125425488,1.8268217635431863,1.834432087021355,1.8508261724640396,1.8446065211702936,1.828274202940339,1.853005527541032,1.8772855481434603,1.8242940928187106,1.84103855678796,1.8341913009644464,1.8339277989840328,1.8519730375001204,1.8490276435042297,1.8428334993487123,1.8700569276729317,1.8769595915458124,1.856702329302289,1.867911199674264,1.884483742946667,1.8587226352848276,1.8877806557462469,1.8822704270974195,1.8929215482330972,1.8924748666581477,1.8926098746644568,1.9122598533426296,1.9076176913127132,1.9259126745644408,1.9554825811803933,1.9593682300657103,1.9692284381306984,1.9673428132093582,1.9713898361970783,1.9771332937790478,1.9826698110774894,1.9962397806668288,2.0097591733303313,2.005351887980598,29.994767722109998,2.0264615043833523,2.056351137257978,2.0653175866690963,2.0858871286140954,2.0604225159385603,2.1087852540582452,2.1203185440396153,2.1417122571873417,2.155297069532258,2.146438633842752,2.1825013014633243,2.1944383401136376,2.2196106124018815,2.251299347328308,2.252399546487777,2.2521102511754187,2.3071355753257574,2.290573120956555,2.301057885773942,2.3244484286190823,2.356402470953642,2.368121202251819,2.3966974956362748,2.409863668603573,2.4304717744625943,2.4515428994064354,2.49048312937849,2.5273202250564824,2.4977054025753516,2.5624223037027187,2.561939628309383,2.6131770141724875,2.614666436156462,2.673549699766153,2.7027446666214865,2.7040716534627802,2.745616040557366,2.7688515947619434,2.775014142391203,2.8252673886389505,2.8562289872885884,2.896194332035683,2.909751219546495
6.6,-0.47692858110023156,2.0,3.15364065934968,3.167762217264916,3.21368972389818,3.2433273340758975,3.290024177967869,3.2987713282203557,3.3438943839862802,3.403291348522736,3.430534598248659,3.448574402464143,3.517953355100132,3.5682387629775705,3.605767477804663,3.631831654201349,3.660333912833601,3.710212852987914,3.7214158991952946,3.7867154601693866,3.8326543496316683,3.872394753424193,3.900504109618663,3.951323176417118,4.003676514747693,4.063619037413737,4.088835529357026,4.155106967959432,4.216531818031564,4.27728215097665,4.350914706938722,4.410492368575862,4.4891805174243,4.567020229874648,4.640374719721978,4.730972005291148,4.806034711760495,4.9170207280487555,5.021423410839105,5.110731692831089,5.216165986329455,5.327985514793208,5.46881874545836,5.5810226535188985,5.733763933776386,5.896073198580804,6.0587273210587025,6.238592382943743,6.376193351129167,6.604233943883642,6.826416478255522,7.038654838805311,7.242271665336143,7.543437140330634,7.803869420187296,8.134040366930511,8.524182141741141,8.856008380644587,9.306525772049246,9.695114075653027,10.253438213968312,10.749740241360291,11.416945502520486,12.050577328355107,12.953162487623363,13.952990502827936,14.956823121091514,16.359878132358666,17.711557156916726,19.14853441618161,19.75261553743236,20.29991307154822,20.677822893683086,21.01946870593104,21.26220520043922,21.488387765085893,21.695294340920267,1.8932680778175777,1.7156869736004088,1.611648677113454,1.601622065935332,1.5400834135013899,1.5262678556090299,1.4890637184604851,1.4691880347406159,1.4557122057287886,1.4274354775695157,1.4126300254938853,1.3891128506931603,1.371375790136896,1.3771521836132463,1.3443053487118524,1.3653146443873463,1.3537352194578642,1.3356015176861158,1.3334998748398212,1.3598381001172142,1.3156537426565993,1.3217627681589184,1.3200204746367252,1.334212110794676,1.3388744886175623,1.3242408625357778,1.3287674225539987,1.330112536592764,1.3434692692532633,1.3412535065533084,1.3659647490512825,1.3673054859560942,1.386100171543559,1.4136549020175384,1.417507454053375,1.4407415658607152,1.4458282992684885,1.4703170882317604,1.4819372728277032,1.5199347239618797,1.5796365535172658,1.6129894788810932,1.6576591820271172,1.7353149881694316,1.8244850622943214,6.884124611551401,6.751267709425722,6.66278373450341,0.9140232259770074,0.9099936923877178,0.9062744832393212,0.9028595547909066,0.8997434094560272,0.8969210736721623,0.8943880781229667,0.8921404401640053,0.8901746483211886,0.8884876487480272,0.8870768335433831,0.8859400308457819,0.8850754966337738,0.8844819081744195,0.8841583590739364,0.8841043558959438,0.8843198163237961,0.8848050688542434,0.8855608540203059,5.195722600317632,5.1876550433704045,5.14276424608404,5.100436511047008,5.0623113271356885,5.0294333054572,4.977081643088384,4.952429991644631,4.897271119138377,4.872289002271823,4.812135650571469,4.785744445920776,4.741177900564001,4.723897170379975,4.641509644817292,4.587426443506036,4.586714691176161,4.510279564828054,4.442170330922963,4.4538733163735245,4.402775233444246,4.379176863575387,4.313192390642386,4.297279759618743,4.233328522026918,4.224331295272262,4.1425702612234545,4.112480273856929,4.063439516979615,4.022449975543446,3.960789960407869,3.914489752612768,3.9034169614478866,3.848705393520256,3.810767170192308,3.7715071275499286,3.743091261765087,3.679993020154069,3.6541533000527027,3.613588538221415,3.5707789674162402,3.502222539222939,3.5152686432022233,3.4621279338991275,3.411091769649824,3.3702404587050965,3.312481672295142,3.3205889245764024,3.27286872573585,3.2578400718950333,3.207729861964515,3.1563617082332502,3.133247598237552,3.0905874118771433,3.0780075349419658,3.0414316941759147,3.002848888592432,2.9657372839721865,2.9311347185178,2.9000733884963665,2.8746911119706726,2.8562498486803576,2.8128771865172477,2.783529672922469,2.753468725949794,2.723475002074048,2.718074416528636,2.6951943821135744,2.6439511437809524,2.634606540182913,2.5975586324435986,2.589316519147088,2.5565104811956374,2.5363578099127535,2.502298574441506,2.5079958347960374,2.434994147904716,2.425778128230746,2.4172867072468356,2.403928653975303,2.3798329704092924,2.3582452906240334,2.330538773109504,2.3243662665444824,2.315887828411457,2.2713492382559233,2.2666537848210586,2.2593136029299523,2.2318159008813,2.2178907458084134,2.1947571320630677,2.199831679868094,2.182848717247191,2.1320809977403226,2.1444017178404073,2.127212447541437,2.1250851470788814,2.0833237470840222,2.0804842327412874,2.066900801854686,2.069631706118207,2.070826722558677,2.029162342003982,2.0213849751698825,2.0341976796366747,2.0358165441800424,1.9896076109081864,2.0192125499164635,1.983843006917027,1.953873972510571,1.9912681778687447,1.9720049076852502,1.9451339649544652,1.955471718094368,1.9312957516068008,1.930524020377878,1.9501092357618608,1.928510781152272,1.9334871610338802,1.909082569604293,1.9032199314177891,1.910362298554818,1.9019654923347442,1.9062708641237107,1.888502107997686,1.889272885802691,1.876230341843445,1.8851496573485846,1.8463972829920077,1.8845956613533028,1.8972030729042515,1.881702932293171,1.8717213200950709,1.885227871615048,1.8750097429193784,1.8754960905121265,1.8839080871648874,1.8763528363447515,1.866525619626734,1.888309386780677,1.8940742347164383,1.8843035751449106,1.881778861346835,1.8828525812463466,1.9067331027371133,1.8849314546947484,1.8982794659780426,1.8884307040911064,1.9108111927362506,1.8941239249420343,1.9067583313675267,1.9165378621296598,1.9130932314886273,1.9280953501722764,1.9242235107496704,1.9233900488555744,1.932303019613421,1.9851532120292577,1.967204578023627,1.9509255564628787,1.9658422350684348,1.968484535528429,1.9857772344731806,1.9763410980782576,1.9896262929311168,2.0130922070702466,2.032050903666713,30.01400150088695,2.055117432097335,2.040001436327395,29.99057514303381,2.066426082761017,2.0862411477957377,29.97101177084571,2.1334790377629838,2.1401137697654815,2.152950812068892,2.1590917687251845,2.177661911165049,2.1899360180398153,2.2167895231690005,2.1985877710506783,2.2573897391501316,2.244693507706357,2.2686256650666805,2.293836414866156,2.3202304766926716,2.316546721587478,2.3331538545245203,2.3486019268679987,2.4103845503145913,2.421737278731623,2.4114509883876747,2.4592024639553784,2.4866748382261887,2.4880726767569414,2.5152842660228063,2.5372114744900314,2.535489642253813,2.5701923953666945,2.6065633698653774,2.6128453563283047,2.6667130768752285,2.7096711526742623,2.7205882498485594,2.7650944834137374,2.7916657978075783,2.820722589938034,2.8235034226799023,2.844408207584601,2.8699200955303827,2.925566560887959,2.9281841880990815,2.9686201177374945,2.992226133192594,3.051324578433319,3.089341950596361,3.097890390521369
6.7,-0.35100607277295687,2.0,3.2340962450128425,3.2445207149019266,3.3076928265758507,3.3518402471806565,3.36600791969709,3.39696916429368,3.454875415836967,3.4782638180567704,3.483238444755366,3.5443080046265574,3.5928833139551086,3.6410814888613348,3.6447808536881947,3.723281223777716,3.7858632096878577,3.802740098271105,3.8229385110156047,3.8990061924718784,3.9129680361412285,3.9460187561352513,4.003762226384321,4.023247171223452,4.084617661748085,4.1242903103720465,4.159704721436178,4.226690906166338,4.278519205720078,4.339430386491553,4.392952101888922,4.447551912002407,4.515529849818465,4.562275854971097,4.638888357816327,4.711411114614484,4.785721035058847,4.898926441198945,4.967481465798183,5.06466154712118,5.181790354907036,5.2723418834782025,5.386299202304502,5.511244633694251,5.6140250976743316,5.757241916678715,5.864017677771491,6.043431172916314,6.207192214140393,6.355779769494994,6.526592563466622,6.703493549163558,6.9213066139992145,7.1306972611502655,7.366260758792045,7.662896224674799,7.904531590085788,8.239220715290127,8.510667228168808,8.87531993874772,9.228246150328822,9.705165678603358,10.10458822252756,10.673235803639033,11.281957642938918,11.864615834576263,12.654176492419719,13.384176857482325,14.413850630155135,15.390512245537646,16.810408226354184,18.17655180401254,19.37899623056747,20.02399092187248,1.918052848498867,1.6996116871497426,1.669993509948007,1.6084133159373775,1.5272469409391798,1.5053986330950895,1.4938201797047224,1.445904017743869,1.4220540528181738,1.4318542208808656,1.4270907688049297,1.3933327815901573,1.3773208294810877,1.3424977490134684,1.3264700513907033,1.3471215245057013,1.3193677707853488,1.33515062114197,1.3197010288050073,1.3299090608063922,1.3083918683999043,1.3078530694025852,1.302703630660526,1.287451422909382,1.2956593373249814,1.3223279924727511,1.297478682376962,1.2915809992684675,1.3278287877603858,1.3225651449572178,1.350443138408359,1.3273520517873563,1.3562079509904386,1.3586720006183912,1.388027097330837,1.3803100493705411,1.3935487509217985,1.4331654926805304,1.4427323990080918,1.4455796518624346,1.5185236866326033,1.5344087267628934,1.546616736810251,1.6309199109739667,1.6740459545401478,1.7784776177285826,0.9157443365502531,0.910125573598812,0.9048493884630081,0.8999066675821257,0.8952889862353918,0.8909885718142285,0.8869982705190272,0.883311517204733,0.8799223081305375,0.8768251763966741,0.8740151698761843,0.871487831471893,0.8692391815490808,0.8672657024127259,0.8655643247149701,0.8641324156938827,0.8629677691588417,0.8620685971511007,0.8614335232205506,0.8610615772714291,5.345392160666515,5.293825997958519,5.234435623221508,5.187524536137964,5.1516541098348805,5.110047778941948,5.043724470289736,5.0118935126146145,4.975164290579129,4.927178277485933,4.90410968120341,4.860478603029965,4.813885015754625,4.778301732598328,4.73999657058626,4.681995645008271,4.639088319678454,4.619887845087538,4.558408568502159,4.531737747231801,4.478922426346978,4.461389653242976,4.393514622438862,4.336736101219485,4.320467898617806,4.26473901518984,4.2338171039073735,4.189008841947085,4.153753954724585,4.117617145090187,4.05895166502232,4.017736547509433,3.9876645283162144,3.9670020739368375,3.91196591484931,3.867488254878649,3.8183094413549807,3.8036062733932945,3.7152387952814574,3.6737112494414337,3.6497948166599454,3.598292287010828,3.5861690178778045,3.560584142183202,3.488647363287637,3.4807691069834874,3.4281030501362566,3.399664777187886,3.3291697844950057,3.2957836768866526,3.27402989591397,3.260716719092554,3.2268646643184296,3.190325142139663,3.1465051518222458,3.126699628524664,3.088846365667799,3.034491522496619,3.0219461500558946,2.970395988150748,2.963884057451448,2.8933527170087743,2.8908619134001436,2.8637777155919792,2.8612476235027295,2.820968150540042,2.7966836772892774,2.7584047201734023,2.7117985285287793,2.6961687948428805,2.6903712792092276,2.6337641014073006,2.614708560596831,2.584139600798356,2.59958791777888,2.55024696952534,2.535069398702903,2.520923353286743,2.4869716031227465,2.453261216089458,2.438057176528564,2.4159454955342508,2.386672938092235,2.3709634553078653,2.364531585686424,2.3484246386747314,2.3231215423356075,2.301500919673835,2.2969015862730795,2.2680295240968094,2.2463025013809337,2.2354019508621508,2.2285419255561827,2.211376568434399,2.20442436910886,2.188076711753829,2.167271464464231,2.133522301982259,2.133554640280152,2.1125826807777757,2.117710095323984,2.1082727960222343,2.085858422163781,2.0686921086031638,2.0691570273561575,2.0683352806676663,2.0413401127607758,2.0344444623955473,2.0282126853457703,2.027155812251655,2.0170434688080543,1.9833483629335804,1.9854962738971773,1.9755136368777617,1.9759871444320236,1.9813615531589248,1.954304495821147,1.9274896550035323,1.946524377678718,1.9328898017164982,1.9429660718537138,1.915884701758439,1.9362199148400996,1.9328493187089515,1.911901111334079,1.9175482294394681,1.9158959808492335,1.9292294819778883,1.9082250651902568,1.892895701984284,1.9071763659383212,1.9245431679013636,1.8935466939864263,1.8964841838834972,1.9148603738066248,1.8906228521344253,1.9155459199629423,1.9000230718560949,1.8776517182789005,1.9027522089601554,1.9087843288044886,1.9089641837935074,1.9173756663354211,1.8883828891325032,1.9225361443968865,1.9095209302680485,1.927882682222169,1.9105463284883033,1.9296379355322655,1.9340886758955431,1.9268801293672553,1.959380448537935,1.9347620937008267,1.9401287584929787,1.934079124493971,1.948585004729198,1.9335040634992742,1.9781497186517725,1.9717106270984326,1.9939618147848286,1.9979258572695795,1.9637024034891435,1.9951452624027166,2.0122022247767637,1.9999803713080866,2.0479941851250523,2.0252279272669216,2.024226550112832,2.0601732141304385,2.05132404270323,2.0649993771466537,2.097252027316606,2.104930507085684,2.122379343727632,2.1066351636284186,2.134910149687662,2.1423614988550765,2.1557312659163723,2.184229689584027,2.192809840492907,2.212067371301041,2.218774743564162,2.2373509368970437,2.2528227145941426,29.997361983156875,2.272122824345356,2.312829277361444,2.3187036631079283,2.354150624246839,2.3572081352167893,2.371032743253593,2.356647876926404,2.412142051774742,2.418065712333392,2.4631746293148002,2.474104297032398,2.532914001707369,2.4941883691310553,2.548355369765735,2.5702036829105093,2.579544117168155,2.603312355191827,2.639029494176959,2.6667897375940774,2.684654463682595,2.7135266501636237,2.72812554856335,2.77940648313988,2.790957967630638,2.807847849930915,2.8542443150110013,2.8640110795914397,2.9142096308194128,2.9340753431221867,2.9897359071493157,2.981111742754039,3.0240752084733584,3.062885492425826,3.08667109270348,3.121462691943716,3.146548530379104,3.1958262251509693
6.8,-0.40433014215256613,2.0,3.0931825204285976,3.1162159664166666,3.151415221269951,3.191566392873676,3.2333536595488472,3.2481983276721063,3.2963917773421025,3.3266338955851613,3.338405757103374,3.380470588322766,3.433353219954659,3.4751659320180845,3.514951320460916,3.534118532267448,3.5829542511558894,3.636860805652446,3.663365214268709,3.697422885881671,3.717820026830103,3.7649226048360203,3.8040907726331143,3.851371394535121,3.8573826482104736,3.954259234107577,3.9937191432012717,4.0182104416315445,4.051397902055453,4.097811150866943,4.111043371374756,4.1583912123619315,4.195343625538616,4.248833164163599,4.295865567977741,4.3371093011322435,4.394442753971152,4.42902426392335,4.504613792683479,4.5653705662590705,4.610525601374088,4.685550637809531,4.719029298018096,4.8168108441699555,4.8808964315769305,4.96635964049011,5.028861771663695,5.111855518786459,5.240531478660709,5.3105173779643,5.431707019720372,5.5324882142382235,5.637689262477271,5.748206815703287,5.879142003486098,6.0109869122522035,6.172163306193132,6.299577751988228,6.462298859796844,6.637541451737183,6.818574488351056,7.035377368965356,7.218482440301543,7.440067876879339,7.675294545823114,7.950377279290064,8.19166972645854,8.512897400568104,8.898299493666437,9.194988256277936,9.62397006198901,10.023432167300653,10.525952043426464,10.975357270376536,11.591766284290426,12.193915541851284,12.954679785611319,13.861666423281815,14.703533434587097,1.727203194816127,1.6711380718221633,1.592247876558903,1.5589896939828294,1.4857852652685115,1.4646870438594635,1.4445072949459292,1.4156434779239884,1.3973953981815095,1.381683189440391,1.3646756120955224,1.322296615310288,1.3529201302805203,1.3140544017400027,1.3254343446458132,1.2990561997572554,1.2579522597675061,1.2857677465219601,1.2657187968952899,1.2487564644239226,1.2623862514534523,1.2776437529414661,1.2850719505176036,1.2557856826867384,1.2501688835117026,1.2421002266446675,1.2705576240773482,1.2798631096262458,1.2772892904981534,1.2596948491710072,1.290091330362335,1.2838565078023227,1.3138620066007272,1.3168983598450414,1.3332049384173852,1.3408633982810514,1.3455092715851236,1.3786234113543987,1.3957254845563303,1.41766260106381,1.4446963840435032,1.4881365935251407,1.5466071552553375,1.5546891456452965,0.9067324093630152,0.8996429750239967,0.8929335277498892,0.8865915821864205,0.8806055362346644,0.8749646153854516,0.869658822136226,0.864678890023443,0.8600162418564559,0.8556629517854503,0.8516117108771848,0.8478557959088244,0.844389041122628,0.8412058127132059,0.8383009858449675,0.8356699240206332,0.8333084606426483,0.8312128826282948,0.8293799159565586,0.8278067130405632,0.9120201182150478,1.1576189380844515,5.449527323809081,5.3888552796499845,5.3160875840863415,5.277378261501949,5.196687218482035,5.120462624190929,5.073731064640212,5.037424588407524,4.980052262679096,4.940852733016958,4.880792328390354,4.847845576842872,4.803601113508411,4.784435769892265,4.700523172574656,4.68829792606306,4.655892684366656,4.6211643957227935,4.568674255777465,4.536209571378407,4.478857990813252,4.426411234278237,4.3933624824180235,4.354957013349924,4.302621038470697,4.271640912846184,4.2506249305251576,4.228701964632966,4.1632819941777095,4.1153731177693995,4.074473960130296,4.012458209096621,4.00316348578318,3.9213358716405553,3.94117214583339,3.8685808589580213,3.8302903965222463,3.789082565011133,3.751402249704775,3.7338795105797193,3.6730580180592396,3.6382692312813893,3.5967055674538355,3.5740070353740725,3.511933355249769,3.4833721850616115,3.464088204307795,3.418920814718251,3.380935765745788,3.3550270711461496,3.319020249359381,3.288111373800172,3.2527948123300896,3.2081153784620318,30.00234208834672,3.1658398758614417,3.1141898402639496,3.1037185234227866,3.0160281325886937,3.0161422701962075,2.9823842761335366,2.9525228630112874,2.931848453434865,2.8986288211105555,2.8604164205441753,2.8302297377728967,2.8326943566511162,2.8049693611428292,2.791410297069121,2.7498462237526877,2.7151431191287547,2.687514134682595,2.6625437125016513,2.6297462713313227,2.626206996465399,2.5852917304904945,2.565049229662112,2.540535518917839,2.5445436344590924,2.491295466585328,2.484168689333303,2.473911856227995,2.444412378415092,2.407032946475028,2.4029133885788223,2.3598115431364124,2.3766919817845586,2.3709258948831002,2.3416683612376796,2.3203457010018296,2.284793608725681,2.277735902659939,2.248497460965074,2.268033644265147,2.2234328940773236,2.230185727471652,2.2124356417262603,2.201421953152353,2.1829963440511375,2.1815302614110323,2.1545300101735947,2.1502781463514373,2.1321156259316165,2.1116737049111256,2.1143936037523337,2.1028167635652637,2.0687185858267356,2.0774314189178953,2.0573044834680574,2.065610431276121,2.0673802905419234,2.0371248412275316,2.0367880061432837,2.027279475307422,2.019574629695092,2.013444011161007,1.9841935415389182,1.999667575982595,1.977338568532921,1.9570285625230606,1.9695526794945524,1.9701765186819298,1.961918640262542,1.9526886647681478,1.948738433578043,1.9731313758493627,1.9516984796991454,1.9322859878573924,1.933585399044822,1.9593897650720227,1.9393834233207472,1.9463224453758452,1.9624166502565363,1.926574711677186,1.9288744435837346,1.951671994929127,1.935029912413993,1.9101486484514243,1.9444890080194963,1.942502227275676,1.9320559891603757,1.9315815919814603,1.9374464477759372,1.9334266545108678,1.9634892455627426,1.954776344660784,1.9479719306687624,1.9587183550556126,1.9500300977313663,1.9712696811361052,1.9622023573654277,1.9767178320732415,1.9786534392864084,1.9876861365881988,1.9370166992749998,1.9849620495152487,1.9931964918649054,2.0012855500944213,1.988902064507977,1.9999377685313195,2.0288214659932557,2.019971668141912,2.041829844550997,2.045335259309613,2.047608968915961,2.0554155484045653,2.050813984452436,2.081339847745585,2.099749516570764,2.1031993380307976,2.094241703045831,2.1249701176468236,2.13513669332712,2.1634254479805737,2.147138337793079,2.182897685808865,2.1742066799479525,2.2023979991952887,2.242697910502294,2.2198873736179485,2.276170477039219,2.251449845120552,2.2631759396796403,2.256128924137931,2.290732750190642,2.319730549661723,2.3257516820300057,2.34079915772523,2.366778486876248,2.389382225176694,2.389840507445122,2.4303433644662036,2.4595425817020407,2.4822373725571354,2.4583295407622474,2.483164273567295,2.5554583331804372,2.5693056656379425,2.5882823636900953,2.597579129018526,2.6253220964429187,2.6682579208898765,2.6696988465666553,2.685659149239585,2.709148224602432,2.7513787939683865,2.7753466350888254,2.8176080014113345,2.8374202581335126,2.8473740390393347,2.8722533793135105,2.9084455487341145,2.947159083396726,2.9635969788062333,2.9793211215617528,3.0208761504790225,3.066075271385779
6.9,-0.3437990167453731,2.0,30.012289427745024,3.0593144118972884,3.1049835752423753,3.1415429885081134,3.165381658017222,3.205398307238999,3.2421818774078135,3.291016522497307,3.31515117382033,3.3328750520578017,3.3783048858630162,3.377428373541022,3.4405740626972148,3.457205355623017,3.4921995134310633,3.5449815166106515,3.570662643040119,3.59061364851629,3.6330280592483626,3.6840783773270442,3.7125988893744144,3.751004477534436,3.820967532903984,3.8381509271533862,3.8719033031451473,3.920610377069103,3.9704626294358167,4.019546123284573,4.037105712721942,4.065021446482016,4.133064537016654,4.131907196128678,4.194397114402643,4.256864674700965,4.2605872664815925,4.298756460748974,4.337694065432886,4.382711610881183,4.424925644527495,4.4546151259580355,4.5280034685100246,4.567777126347718,4.61020415822985,4.660359433845248,4.72933521797904,4.79784198906236,4.8647781373105055,4.923820254468679,4.984454358369196,5.065560850976028,5.164236210718577,5.237495813662401,5.301053147930047,5.406586212603826,5.511133084755538,5.586131234069056,5.7106002686435176,5.831976321059689,5.922770650401136,6.070069064623241,6.184998499395448,6.334179452606134,6.442073637261996,6.658545241518842,6.832756477422747,6.962341449255982,7.178955440927458,7.3600865483876685,7.599364745841648,7.7976718165547645,8.075818508556068,8.325465654112142,8.645015538023692,9.001938388404973,9.304831256107729,9.699064275618516,10.070577033253452,10.54924040633571,10.989917102543767,1.7328411230296958,1.6107931263613264,1.540911056387486,1.4958764758802392,1.4330726663921074,1.3973450494089275,1.391041016023119,1.3730013515407582,1.3756630314202294,1.3339042236930019,1.3015068404363237,1.2953222089030685,1.2859579604785516,1.2579002527326457,1.2393784997424708,1.24424579815873,1.2378000482948999,1.218337108849983,1.2390906845474938,1.2105612719299428,1.19019003970329,1.1845241509954894,1.1836235578751777,1.2138414835999742,1.24139121636128,1.2074704138810475,1.2191355955201808,1.2046810033573743,1.2207390741537276,1.2128579386422786,1.242342093186141,1.2387199501395467,1.2469694033488348,1.2329061498978395,1.2519504488536923,1.2681248680641792,1.2726795664556179,1.306297307494529,1.3207485889870565,1.3714357563666983,1.3560426575594642,1.3783773321155333,1.4419427489433874,0.8911454428689978,0.8827583651123506,0.8747917711262511,0.8672295847646646,0.8600568551686493,0.8532596773402142,0.846825120132245,0.8407411609104429,0.8349966262307995,0.8295811379525313,0.8244850642732533,0.8196994752318019,0.8152161022756478,0.8110273015352645,0.8071260204879538,0.803505767729176,0.8001605856010251,0.7970850254556316,0.7942741253564336,0.79172339004283,0.7894287730040415,0.8822409105984058,1.0086371215210685,1.1777254674421622,5.594509785701889,5.539343679613898,5.42286538064998,5.37371617350117,5.302097906641229,5.214489460320638,5.136294875011676,5.106266442745964,5.005464419072161,4.977504044516652,4.916007000061519,4.859130508359373,4.8083068072860415,4.773794148881571,4.730246313494845,4.668741251222148,4.637226058047812,4.563305513170045,4.565398457563851,4.510149575756722,4.482892606977312,4.422154461450514,4.386716352264079,4.3670011796479,4.330028954484625,4.279063502606906,4.2202737781175985,4.190510925164861,4.147266342543172,4.108986904520294,4.085245128961555,4.040718392293766,3.990290612596107,3.951233439753235,3.920849398628325,3.8953478848259953,3.8687792560051495,3.806683722751285,3.77516500881464,3.7256576990894206,3.6754779371974187,3.683331964855226,3.604188731901687,3.568549666630523,3.5488122353987817,3.515910585403807,3.4648075911176948,3.434571132625907,3.414620780884712,3.381717972400073,3.32470104215393,3.3178136407156553,3.259067074428595,3.2422870504591366,3.1787687647959637,3.1609364859629356,3.153310743708948,3.111091789285496,3.0671949179848066,3.0644708018627154,3.02449069357037,2.985633413753348,2.9626438679328504,2.946725302744637,2.9156371385479027,2.887466401682231,2.837840565349132,2.8132983529215583,2.7867733049790218,2.752064179229675,2.726643674820043,2.7097036978909084,2.691556500754153,2.687261351841072,2.666805058786272,2.6299811352637303,2.6096587789268106,2.5957292439806543,2.582125544612054,2.548270919516369,2.544071620435563,2.5027387632087725,2.4945081590840585,2.484587203510396,2.4243468276641797,2.432489092143677,2.396783031626338,2.3902510247455666,2.35586133602899,2.3422581434941314,2.328316292959755,2.314938470082383,2.3127582521721006,2.2855603915090725,2.2814763443320607,2.263823940849579,2.2157184469557327,2.237676097858344,2.234321980779009,2.2226231536327714,2.2085537852399537,2.183593655614229,2.1872861299666653,2.173056499420421,2.1525634598914865,2.147568386712114,2.1464501099215743,2.1359560268330933,2.118193615612781,2.113066557301218,2.099786160968181,2.098051827811651,2.079056007734043,2.0658950401986615,2.0684345091954013,2.0665993301196366,2.0572506708736005,2.021688612421489,2.0368696271915154,2.0444013535759766,2.0364772302109064,2.014291762333395,2.0222292757507607,2.03683505653703,2.022650797265002,2.0070087976870234,2.0108396420301333,1.9935785468349658,1.9989503247989855,2.0019371913784885,1.990549388954602,2.012223902469914,1.9870577553291857,2.0176668440512397,1.977788350965278,1.984213730340725,1.994272567414361,2.004900495294946,1.9714808902695993,1.989979772823311,1.9654260165749209,2.0112193190480876,2.0179214953028914,1.9957418786756866,1.9722616345080812,1.9940449250079006,2.0194917616938204,2.000486288505943,1.988588207821068,2.002205688040405,2.0117852172058996,2.007869634294024,2.0103633265814254,2.034667897892915,2.0346454346740495,2.051629786979161,2.0356434513342743,2.062260180097376,2.0444932570222947,2.068704245751918,2.0860421127686335,2.097702110641663,2.103785569925511,2.1003685558130027,2.0880440532336046,2.130622840354294,2.1211272326543655,2.1045600601473198,2.1329965313906145,2.156802686687469,2.1587433781726224,2.1652265397925374,2.191736703777626,2.2018747461422405,2.1955282350855136,2.2176544039450707,2.2393996695149037,2.2520002279006004,2.28343924733121,2.285203608141057,2.317667334010497,2.3251007789506715,2.3200100802715453,2.340235202909365,2.374022364266055,2.369351032295406,2.4053165794883005,2.3788545231971705,2.442226740328741,2.444485684635913,2.4401893120345637,2.4950623973867594,2.4993557910029347,2.5355044489452547,2.545853541894209,2.5590578336871954,2.593464191836031,2.585473295837768,30.007207469546042,2.657952373966947,2.67437095701993,2.708165759148913,2.7517871450001006,2.7350518027621256,2.7827712661636657,2.7893904960274223,2.8411275354044765,2.8641520261599287,2.8784759582466344,2.911187075048574,2.945353560218973,2.9741901264587978,3.0178945229337635,2.9804660772107168
7.0,-0.261346916647241,2.0,3.011985356422492,3.047841616970034,3.0478465947835396,3.1015270321728234,3.1243279589561346,3.146912449837842,30.017269057942187,3.2115028318317664,3.2414960833520534,3.2670486916427564,3.302359802094634,3.334669730055108,3.370251191611057,3.4105654533098817,3.4602543967767683,3.4813244636149134,3.494148947218116,3.562261906753747,3.5753267026836903,3.5852474465330513,3.6465591703237545,3.695890388976675,3.7220192379679813,3.728073541469118,3.7718706923657233,3.82374933058819,3.862448673205019,3.8896708252286483,3.953334442252026,3.966605204249262,4.013850157730122,4.024550662488128,4.071788847930787,4.133342760015498,4.1603293934378565,4.206273940778906,4.229866529997632,4.27528993469008,4.324023556644139,4.379638782633338,4.386663841737158,4.421399138852601,4.458114936847775,4.5011807540604245,4.529223570050103,4.5981670194687165,4.635099489914215,4.6663783254643425,4.7035372843237955,4.777094190052634,4.842405021426635,4.8749842720748795,4.936468336269109,5.017790802562732,5.0794851907847915,5.149936102521534,5.206160631073885,5.290432749286481,5.3686862825079285,5.436254992430319,5.525589376406283,5.620469459767659,5.750872666241206,5.830564918118019,5.961392429172721,6.040158971878549,6.182922210149942,6.291748093969118,6.463117204199782,6.568367081492186,6.732383212498407,6.908798138104245,7.054663529525965,7.2600728582207905,7.444305467132812,7.6402231535886855,7.871638064537194,8.101443867240304,8.354548259838102,8.648977395023984,8.957416402637215,1.7255992629804942,1.559115563196206,1.4907905707957045,1.433948491338355,1.4005124762047214,1.3452238175537092,1.3038753334542095,1.3140703606586153,1.291597032461391,1.2683201286373154,1.2625113814445617,1.2152265286056754,1.2327444478170655,1.1995944124475357,1.204638520622075,1.1984714948159512,1.1673166805830795,1.1541172733553742,1.1479062262631636,1.1582437523706848,1.139353943930958,1.1662217135221282,1.1593796440883366,1.1552021983291323,1.1660737815458408,1.1737775308692444,1.1478842766807453,1.1695683966935135,1.1447849526900984,1.1735733315073331,1.1535374215525267,1.1677328948066112,1.1898813409831517,1.1855768139360356,1.1770396279694397,1.2113204097683878,1.2127802890995312,1.239490982771029,1.2393947100618599,1.2568989007272733,1.2567063616215077,1.2796168634057503,1.3308424147540208,1.3246073272447898,0.8564284955728041,0.8473782208922835,0.838770143546348,0.8305857516244293,0.8228078428997117,0.8154204260000714,0.8084086310735203,0.8017586289433515,0.7954575578707297,0.7894934571486699,0.7838552068436044,0.7785324730811117,0.7735156583425161,0.7687958563004677,0.7643648107754595,0.7602148784425963,0.7563389949596736,0.7527306442245322,0.749383830502342,0.7462930531925389,0.7637157880580113,0.8333577812030931,0.9172828186956457,1.020350248744425,1.1499060135772494,5.767115407324755,5.664388375816292,5.567773635655198,5.495988003432943,5.397036543288641,5.277580718000413,5.219439950574337,5.158759539503732,5.07625403895352,5.003230452476223,4.939403903407273,4.868546170368283,4.83227335065078,4.7705296507767745,4.733467205099843,4.646038330090595,4.6004855780354825,4.5532126404066995,4.515758236058175,4.47612958039623,4.426977832792946,4.3982939581581375,4.371221339025587,4.313604541508374,4.2944760655889,4.259947123402038,4.209149114153243,4.163979403630636,4.160504200878021,4.088982928539098,4.0696900377810765,4.032474626017269,3.9998652849022798,3.957877028985227,3.923978021132855,3.882404663702359,3.813338145879399,3.7823537903239512,3.7669305945415577,3.7293046288517027,3.6935401982198934,3.6506523277361818,3.615775962581093,3.580251422179756,3.548716392191818,3.538474572566078,3.501515601849377,3.435214961847474,3.4115999779734754,3.3852422013811503,3.348062299616034,3.304206005454952,3.288524151995883,3.269747481093017,3.2064612919347346,3.1874961493106757,3.1614285565507267,3.115710901570254,3.0989103148820667,3.086286013585051,3.0354874767809035,3.0131365576951925,2.9895279447218153,2.933809014999141,2.935228420389526,2.878285904859294,2.89330460479513,2.865719847793849,2.8018952269585515,2.81397316217072,2.7890215815117743,2.7391579774127766,2.712229759028642,2.715956721306192,2.663927434882896,2.6655421763568423,2.6335000692319084,2.63137062162118,2.604189003283485,2.55603443138031,2.575556497463736,2.5543028958815754,2.521308540668978,2.509723439341854,2.482207459055515,2.47651534327349,2.44613239112026,2.437864029926756,2.408641592472407,2.4055353363795997,2.39962186836713,2.353156722615295,2.3473277957758225,2.340726157274751,2.3363183837463657,2.3005473174278905,2.3146910344235443,2.2809470570739827,2.258514700790852,2.2774007904910194,2.244473298734962,2.253445408981014,2.1882243926829257,2.232332934562283,2.2135232773454194,2.1961535388596682,2.1972056724185873,2.1617536745077177,2.172781580373296,2.169955321825054,2.1836595638184226,2.1379603343203915,2.131114643127993,2.13073068333953,2.129560851333704,2.111726036425512,2.108844854306198,2.1049575746438784,2.1214088434937675,2.0937036315231174,2.079901615455962,2.0948359703117783,2.0734492954657844,2.0568703075539583,2.0807276214947428,2.0801798611243156,2.068387029443944,2.0813237819097083,2.0408377506221345,2.0853653755792547,2.0541721010314262,2.0574043336567254,2.0694661685007962,2.0665440609754677,2.0806059790249876,2.043946746673087,2.0352037149065154,2.050143068936426,2.0275533204662053,2.0450893492827937,2.0552619880330134,2.079227708655543,2.057691834141382,2.066684750804498,2.056510106448066,2.067276199668734,2.096472988240246,2.087055954791918,2.0880569020740434,2.0703548155599925,2.0984194140970134,2.0841266438398467,2.1109730341405553,2.103663092829138,2.0933062816354338,2.1298218272284233,2.102404769651126,2.1080581538571903,2.1278818010277316,2.159224024959224,2.153744897603591,2.160724346939732,2.1478062692770017,2.172468101923341,2.195028372904166,2.1900325693728306,2.204571118618908,2.209083318360063,2.2369505955360407,2.2383881466714066,2.231646077990576,2.275350813561471,2.2573057357206574,2.287850699826613,2.2840779739273667,2.308854107087276,2.3181280217550575,2.3135930382466623,2.3257287678674823,2.3537038310994713,2.3785932365988476,2.362031566829656,2.39004164026416,2.4251134297844734,2.4540490505920385,2.4277243482994124,2.455039299999024,2.482746872689772,2.517813515266487,2.533030864963178,2.5586193730712514,2.581615130111449,2.5691960910540392,2.594421081456347,2.61407007726929,2.647400495315541,2.6633281073507593,2.6810098036291397,2.733676985383831,2.7271007796362587,2.7490722381883934,2.7733240499506575,2.8071769477086326,29.990344132174993,2.882435861255358,2.8893285544897314,2.889121263511727,2.9394970511776544,2.9646744295571974,2.9825783592014328
7.1,-0.24465575352016078,2.0,3.0621243953267547,3.079611716636854,3.1469098739845127,3.1629859639626434,3.2013581748459776,3.216535232083119,3.23791153314796,3.276163270533337,3.272714208931391,3.3523641347326203,3.353760229218412,3.397371794091533,3.4173938591811917,3.440040953588396,3.4788693148372443,3.5415135576289765,3.5783583417561715,3.5957942731147727,3.6498714533105403,3.6595886293736637,3.706727985283489,3.7175064281398185,3.766721438927839,3.7713344836809544,3.8343452445432176,3.8832332068559814,3.8929323764933264,3.9459279026382075,3.9523546391640973,4.004344245362918,4.02119256938165,4.084229744901593,4.136175762230658,4.135606475321044,4.18500651962422,4.239846377883437,4.267082031355241,4.294033856027598,4.317672606423054,4.369268528598235,4.424286477275061,4.460130261134295,4.480482535804164,4.536556814665108,4.565790859565821,4.588777217574329,4.631699711345178,4.655672111589003,4.702483890768844,4.722534783315027,4.770515149008335,4.808413240633204,4.8643586617240056,4.910347471772098,4.978876009078973,5.023931220594778,5.090947333973275,5.158991390482421,5.1982300295244475,5.298338454270831,5.338761259960394,5.423513935800968,5.501225488597333,5.5890044114895465,5.69585078169202,5.755937180927323,5.875179585103571,5.979763349434641,6.071467738251747,6.187458525450925,6.306255620243613,6.419629505474055,6.569347212456676,6.706581996989243,6.835713310101537,7.0011386817351,7.158321197953739,7.335441736748033,7.530689256741372,7.741326987656927,1.546008632808303,1.4729836912115175,1.413995213178009,1.3699146195132776,1.3379353770934754,1.3115933745579647,1.2739382061495839,1.2687410813048767,1.2278715307835866,1.2126328095792718,1.1950659821688094,1.1655830045234008,1.1583830277370355,1.14260751172092,1.0969397409329225,1.1091919124477108,1.1105160152490352,1.1265910863918103,1.1163281438680333,1.1013056740091582,1.1027773574605153,1.0857116103034787,1.1156947396442334,1.1083563741915587,1.0789261479619965,1.0848518368540734,1.0790953433501669,1.0768569605843974,1.0834859387104803,1.109537728814716,1.1092942257060712,1.1083468283752802,1.0895471482401449,1.0980726756390775,1.1146671242067852,1.11634512323329,1.148721337212746,1.133469272670299,1.1702245397487465,1.1853656646243182,1.2082611870722113,1.2239648605222961,1.2137907107337735,1.2308397774065727,0.8267111734424616,0.8167192040562173,0.8072089227762763,0.7981579952604368,0.7895457121503158,0.7813528567823831,0.773561586193072,0.7661553239196649,0.7591186632908224,0.7524372800656869,0.7460978534226037,0.7400879944212315,0.7343961811680034,0.7290117000070647,0.723924592138959,0.7191256051392214,0.7146061489101093,0.710358255652217,0.7063745434897014,0.7026481834242277,0.6991728693292467,0.7363641687275323,0.7903924806233106,0.8532574636453811,0.9272936427016858,1.0157375538798505,1.1232099443398291,1.2565443357610253,5.869579784701353,5.762732439816186,5.647138809363744,5.528097943250597,5.420127611651546,5.346256405818626,5.236892007964167,5.160548550660161,5.078984329785712,4.974737424510797,4.928483736207294,4.852234625188815,4.780957239340344,4.732773136650987,4.663134074447197,4.623606022466236,4.558054405151212,4.493661833685459,4.448817762919772,4.415292181851447,4.356810285875869,4.3098394911441344,4.260787961267785,4.239520819813052,4.184765805920095,4.154442915530203,4.119074057019236,4.09726275569736,4.069595406934729,4.011039747482386,3.9622715058242974,3.951831065229985,3.9069315684308052,3.8797031276144334,3.8234899728056657,3.8002657883988875,3.7440694108277017,3.737228333762753,3.697629244939217,3.637610343913978,3.6166612221737844,3.593949709401145,3.5471447579739106,3.543650842586868,3.477089580204439,3.462618741245057,3.4007765910716197,3.383386774933911,3.383777347999342,3.3349327052612687,3.3032957250308828,3.2645769172043533,3.2553611904247886,3.2160520126401306,3.189014860809351,3.1633118974065044,3.138321705649951,3.089030119508849,3.077771112831094,3.0384045539247486,3.0229535293764087,2.9887096535814934,2.96882198126449,2.941540252992027,2.9250262125839686,2.8965531862539686,2.8469749118570347,30.000010082595562,2.8365548655871162,2.8013153250761764,2.7772624670192965,2.762288686217294,2.74554111052065,2.714075387635251,2.662042682552152,2.661405198458633,2.627124468601627,2.631383531836953,2.6252564819142354,2.57252116506675,2.572683365884949,2.5690209496002265,2.5062972749060037,2.516582194945935,2.510825311954924,2.4853164930134417,2.4560093563493646,2.4565670508372275,2.4550375824376482,2.4246251079014782,2.43251618922332,2.407601076835299,2.382748231211261,2.374740192786781,2.3558318831269003,2.3527619559138495,2.3256003834253782,2.3398314324910294,2.3058251040244664,2.3051648787153667,2.2576922410398605,2.2879172850362237,2.2580210857795255,2.268137367110892,2.24537830148227,2.2145334945397894,2.2297788057516925,2.2335464698983176,2.2359703645470748,2.1888084806907275,2.204176997845814,2.193149777445945,2.1625410839202273,2.1818959921052272,2.170279244232769,2.175343661829763,2.149355652058786,2.1466389756996787,2.1494037082763224,2.1337834851507975,2.1434396966387896,2.135452449148071,2.11854787901571,2.133461472749986,2.1520612884195076,2.1169277721718998,2.1154445758931115,2.118555019575784,2.0972517243425877,2.116629155283396,2.0863921929134643,2.1320103546061255,2.108554569102133,2.102888621899711,2.122283489696897,2.086101259350106,2.088026579856653,2.116634957074872,2.1333502194346043,2.132413857049772,2.14159223390055,2.1247640662745404,2.12942233420531,2.1268812739690808,2.111842603147026,2.132624852290601,2.1410439578972906,2.154885448240303,2.134019352720956,2.1358277891240727,2.1599467273164796,2.168311369943316,2.171311977814378,2.163580272125467,2.1655827839520096,2.1880754505187645,2.1715770096981593,2.18770373919024,2.197523125698653,2.2321755613258922,2.2172614904784584,2.2410383127863542,2.24235672276772,2.266762160920717,2.235206462157148,2.269159991666147,2.2779643470641595,2.29496318504649,2.294578240985664,2.318438850743391,2.322152742250181,2.3666797275250544,2.3536368242822667,2.3365674328698556,2.3907504801630166,2.3946193565570075,2.4023756686357083,2.4343784294311224,2.452411268451516,2.4613879506212366,2.4686438546521736,2.473080684126755,2.4861196831958794,2.5159004315584914,2.546241869507044,2.5371647856134314,2.5660628098359775,2.60114788348215,2.626067155688571,2.6172709628458772,2.658359660907597,2.656528610618693,2.7008744703471956,2.7307633823629898,2.7134543475729025,2.75728906435291,2.7918637031814733,2.788912297339157,2.7978774639703614,2.8353923429577725,2.8705441626494554,2.866488270534848,2.9080942916426644,2.9611143887735736,2.9662467263381362,2.9973462944020444,3.0026701614575866,3.0428941750572562
7.2,-0.2296590338770285,2.0,3.135693241916658,3.141727557943312,3.186192571833096,3.2401534468054485,3.2340718428043953,3.2693181646803855,3.2928664013877027,3.35052392050993,3.3932880372172134,3.379639939674055,3.4448653756390075,3.4464121000453374,3.4970613925535226,3.514957041526164,3.541045027201998,3.593183768612812,3.610169417152855,3.640516287904312,3.685267960864951,3.7107881204020825,3.750955974357024,3.8013180612806012,3.823101478818069,3.8652702661110983,3.8523113473378845,3.9345371896556927,3.9481874799140795,3.9863679179707225,4.002816429201238,4.058366538816632,4.097693755562918,4.122078130168955,4.166896579574762,4.178717784896585,4.241734898126351,4.262342335056669,4.312762955753125,4.324069451005812,4.363188683882677,4.40973984457445,4.455502954273844,4.473044655029767,4.5169125144478475,4.546738291146027,4.5771327558438495,4.626194421474146,4.65871374103652,4.683722408321149,4.701878364022347,4.752649686365885,4.761511282100763,4.80418904909625,4.853029185963021,4.8921161034800384,4.947300209912874,4.985168400631469,5.052490219988175,5.066668337976524,5.129926768494587,5.176459183793095,5.2469077218560525,5.310316376536978,5.3835516658775155,5.413153676544426,5.510940801516152,5.585772075363676,5.677758285169304,5.745652267434648,5.816932013019992,5.907282965447735,6.019524186108331,6.097489177082793,6.220842427166568,6.326790279506163,6.440084028182121,6.556616124890896,6.682718189566784,6.832692193258956,1.6058647206400503,1.4442372263896555,1.3783791566148225,1.3146674862146581,1.301759564138808,1.2371721427238673,1.2210197008511583,1.191008060331922,1.1855351150607796,1.1469792228234488,1.1181622498463963,1.1307661769731232,1.0999805325722058,1.1106798400175366,1.0792402778108592,1.0605477727143513,1.0807101983456975,1.0805744658869545,1.0535287511936853,1.0641396013698783,1.0522592465285687,1.0407265073958738,1.0289847495735935,1.0291187335012664,1.0036719033469836,1.0306038541356315,1.0330635285997907,1.0362297369980034,1.0252197948894644,0.9959592808643584,1.032224259397353,1.0174725105201052,1.0454643407614566,1.0616835972876697,1.06792232266877,1.07680140079237,1.0757365710073818,1.0696994332716874,1.0823566906637,1.0821686365370096,1.1012881458482198,1.099472265667227,1.1288305544030202,1.1482241457956397,1.1438231376300718,0.795069949153831,0.7840601177352827,0.7735835513906294,0.763612890889759,0.7541228571504361,0.7450900683003528,0.7364928761990722,0.728311220075007,0.7205264952517931,0.7131214352096809,0.7060800054587906,0.6993873078986953,0.693029494508198,0.686993689354734,0.6812679180382912,0.6758410437930857,0.6707027095641026,0.6658432854570769,0.6612538210314087,0.656926001967368,0.6528521106930417,0.6707062023721772,0.708629919846982,0.7513419749337052,0.7997924910606491,0.8552009875128092,0.919159126026035,0.9937843655948433,1.0819566019124442,1.1876952506977392,6.096591088833507,5.958972450525395,5.8318612299845585,5.710938749424686,5.6099590713792935,5.494392569625944,5.376988512956018,5.272145985152477,5.194724424373798,5.089701382793661,5.018415157221708,4.919966517854812,4.835082359579834,4.775043194864511,4.678560156755499,4.624330857923582,4.563429408174045,4.491981650021204,4.437804252519157,4.359500281728969,4.327805441412126,4.29917027588677,4.224042463272556,4.1668525918497785,4.152652092604547,4.121838507287909,4.070146385714022,4.029884699733715,4.005573313458776,3.975993875133775,3.931091043238436,3.9147794658652106,3.846768014485695,3.8209576696702556,3.8106704025932547,3.7725591378470535,3.7309426239679624,3.700307678741648,3.629313092024786,3.6411722108877056,3.6019985244956,3.560280907999742,3.5493156093123828,3.493865254283087,3.47536666837712,3.4466623483390637,3.4094506833115488,3.384424850471212,3.3444742612117047,3.302730734634348,3.2735739184563855,3.2442577231362635,3.2389245413395815,3.21847502853652,3.199599507915971,3.1533047265534915,3.1241575536789306,3.1015691462625288,3.0536739670156128,3.0325611055875816,2.993648831368337,2.995471995622839,2.9612956143910805,2.9479794892134272,2.91682460390362,2.8836367406830234,2.8942266150979465,2.8258199501571486,2.8137847632979165,2.7935249090490735,2.7848123699731993,2.7736667267154624,2.7467346261741805,2.7198386352535637,2.702454863488059,2.6838430024662014,2.6679506580100556,2.636384582098138,2.6087302255703317,2.6210645216115758,2.5928206719130946,2.5830963208109203,2.534598949764966,2.550846355252573,2.5091955734671103,2.5085307264817316,2.4692017385279668,2.4697313611678404,2.4542975707168937,2.4633595347375525,2.4379061413227534,2.411960303769927,2.417822120713801,2.4058972085584394,2.3744260234563934,2.37066819824098,2.3583781791886187,2.351712851354812,2.337826444668754,2.326889588676006,2.3141377106946854,2.3282912883662266,2.3031876203127557,2.292136947324518,2.2769300209862884,2.3014630480450955,2.2584768811627653,2.2880390241195108,2.2424355564604648,2.244546476181219,2.225536615722712,2.244544069554746,2.230564579841698,2.2313018871554866,2.206087226615728,2.1869157014804745,2.2087593516421657,2.2068313411953397,2.211822792204834,2.2041907478221603,2.1751497966330473,2.194341288244495,2.20678303829948,2.18136009199211,2.183625828211427,2.172548155760197,2.177233434997932,2.163083147991911,2.1815517881276887,2.1682202854532515,2.1827976865789367,2.1489289475458353,2.1700550055322587,2.1742641062265373,2.1868161315755845,2.1868726323359384,2.1870974192573778,2.1856872559216365,2.1703386923976344,2.183079518770528,2.173374916739797,2.1711818198104593,2.202174112270771,2.2161342068187304,2.2146369289218706,2.1986508547520396,2.1884014352579713,2.2242921632595496,2.2364142776183877,2.2277215343856347,2.237601665142301,2.2305182257653935,2.2415809794712573,2.2389833337694474,2.2111832068811346,2.2443866765676392,2.26428405939339,2.2625301334104035,2.2993856005866524,2.3064252816900677,2.309332590900436,2.320464177287959,2.3423732761496168,2.31494763551937,2.3291393602918684,2.388183415773128,2.360075725990201,2.3537807457753006,2.3908090342978103,2.387971711004647,2.40758563674597,2.418774807056733,2.4467011953455624,2.4362299974865684,2.4526950965387146,2.496052731744738,2.4907142563005156,2.4849879337532914,2.5284262263385338,2.5398311437162167,2.5609146156235547,2.551255025566691,2.613157777106153,2.6006700318382285,2.6227613343358462,2.6358396834250457,2.667887993976125,2.6663361325129484,2.703392260741127,2.708121271910776,2.7174432320631556,2.7606993802736017,2.7641559043387094,2.7823937109916543,2.8280708540043813,2.854433665145913,2.8795606344478535,2.893766112017325,2.8935603538435317,2.9385067954942232,2.952770103463816,2.9864087494355083,2.992168459861987,3.0261285681544954,3.0543908098869617,3.079677532423151,3.1084596050673947
7.3,-0.032310448529486294,2.0,3.2031026721789617,3.2363352783481076,3.265609052986227,3.284616186919404,3.3196306944105864,3.3383172653709674,3.3834797655751476,3.402159230130329,3.4617982615226794,3.4779473152452405,3.5028724262159074,3.5380723609252462,3.5687209413046603,3.5869401185153653,3.613751117265422,3.660683338546346,3.6724253295938034,3.69474076330155,3.751766464595456,3.7420936568582115,3.8162871577609314,3.853486199821141,3.8776167450622987,3.90953849738006,3.9188622380491687,3.9662978644832054,4.018346718206911,4.048870051343017,4.0935772887613835,4.126462276799847,4.156606090167965,4.19068501281695,4.206979212224561,4.243145556252592,4.26863650143684,4.294341128916306,4.350586859038831,4.355360438288545,4.394151482957288,4.4394830677198,4.4814517728004635,4.499156238210389,4.543405926897323,4.574357152335798,4.60545152080107,4.648858438133593,4.672250485134284,4.728931954132643,4.749878065207744,4.780676172741407,4.800846039993819,4.832559729806217,4.866411606841795,4.88654644729606,4.9440867638394455,4.950399661727927,5.023326258191532,5.069627590088831,5.090863144995918,5.151567397837047,5.161237473685833,5.230465004229755,5.292812218865008,5.338634317574225,5.3897568393521755,5.4640686620451255,5.5290661895229105,5.5841286332846565,5.655512731537711,5.726564978987581,5.802052833577342,5.880029053713383,5.984333080793642,6.056829103216388,6.131225887675701,6.270601170265364,1.4812702318496842,1.405980295765939,1.3464013470953,1.2479524047755486,1.2079790479910562,1.206179590228799,1.1590926031901585,1.1142501717124131,1.0951992602620637,1.094356459719143,1.0842486217722347,1.0706741067760173,1.072298658359803,1.054972474581418,1.0321860235175333,1.0255394991177755,1.022027733722882,1.003320161131126,0.9779414559855323,1.0052646629363873,0.9991807714310283,0.9749243531633823,0.989747934442136,0.9935194573341487,0.9717327502255997,0.9897283391262166,1.0082440221931772,0.9749348243923177,0.9535793906713276,0.9901483599312993,0.9950488728056553,0.9521219178562594,0.9846573873062759,1.0003442340471134,0.9888121813231269,1.0224194863721254,0.9870694209794879,1.0156950725690037,1.0095322686449628,1.0329640888930813,1.0159082975656348,1.040671256054864,1.0364290260202433,1.0549603067814075,1.0758515361712448,0.7708589483796093,0.7584040221287296,0.7465690502511676,0.7353184009994734,0.7246193385012698,0.7144417440085563,0.7047578691446785,0.6955421169669,0.686770847277101,0.6784222031280464,0.6704759559055524,0.6629133667320077,0.6557170622456818,0.6488709230724939,0.6423599835301869,0.6361703412954631,0.6302890759278459,0.6247041752841402,0.6194044689779765,0.6143795681429985,0.6096198108483155,0.6051162125929395,0.6187330806542212,0.6475056853966704,0.6793018877039955,0.7146111059875168,0.7540346050195958,0.7983193690782429,0.8484050794996911,0.9054905188687448,0.9711294680170478,1.047372599582758,1.1369833435263508,6.439600354326126,6.276716131873905,6.093055393906968,5.95928537924681,5.789992803334568,5.679220616352439,5.535609708210432,5.434008199217771,5.3189478666836045,5.203701321644162,5.121822158572074,4.983007481969757,4.899129123695015,4.836490272093406,4.763713565703052,4.688145948478378,4.586318773480072,4.511197939511155,4.450352999113027,4.405650954950297,4.321215551687931,4.267785947617477,4.225784473842965,4.166401398916244,4.115903104417342,4.058871277610821,4.008040677192219,3.995893368515749,3.948043098336331,3.906843401479186,3.9052651042966153,3.8292087892587943,3.8111674317132813,3.7798320162647836,3.726731356333435,3.7299587940328425,3.6807947029518644,3.6416802386310394,3.6241639955792877,3.5793686030564564,3.5679030617532255,3.5268601101596464,3.491953231785235,3.476363104810289,3.4322614885925926,3.3961557438142154,3.361889651580684,3.334735737852714,3.3248257085962383,3.2726581651415514,3.2792115823334527,3.208106604428023,3.1824772700227815,3.160995972279964,3.1552544070075546,3.1369004072270035,3.1084768692378564,3.0980208254183466,3.0615547405950245,3.0210991698418956,2.9932882647087826,2.9994905220267754,2.9528986018376395,2.9226308651204396,2.926922750687892,2.888470962314787,2.878578184076052,2.85879393527288,2.817842396267804,2.8073703432539436,2.7910835467087223,2.7768607449431317,2.7460071455478237,2.7365298634550363,2.7116347994925647,2.667622709132842,2.6998964011886413,2.6463399337932665,2.654883804810021,2.6212399277354934,2.5829058866371057,2.579198411759279,2.576722096507919,2.545575424449116,2.5584409759982036,2.5258346887661127,2.51734832504198,2.474990811050633,2.4806509076416394,2.4712035104904477,2.456094954523519,2.414221280512687,2.4369022737869224,2.4249743695431216,2.4012608461294023,2.4021273297578842,2.391690508364162,2.3941655424123547,2.366386208853115,2.370227089334736,2.3350900972086674,2.344875670882681,2.342924141145045,2.308605073479471,2.306906675806996,2.3052477360401804,2.3125914793993796,2.2951692650707245,2.296911116987644,2.2898982537110353,2.2695278851277187,2.2833075053945815,2.276130539433087,2.251730633285878,2.2694053273761714,2.263549163075588,2.2568111777594657,2.2354840166427783,2.211006388745956,2.250691933532507,2.235573071681809,2.2353891813349067,2.2418033527058916,2.2212198218311756,2.221445603699475,2.22648775007475,2.222098814023232,2.2256989831784413,2.228069027196284,2.225609450348445,2.200173546546241,2.2256870673443334,2.207331477621933,2.231228034242999,2.209398088957729,2.2434589294351377,2.230457572752855,2.241255743013817,2.2446699379241237,2.2745841714665254,2.248132991144941,2.2578940961066856,2.251601178719608,2.2566732486907184,2.263289454551634,2.258152195530902,2.266988820356929,2.2713749481938117,2.2923721065071585,2.302481158461506,2.3059886468081228,2.298326211477324,2.2921402931961614,2.3096073365649175,2.312104949095479,2.3488945841552082,2.3478781428567568,2.3520902860943607,2.3359699829336145,2.346066197880848,2.391496531699409,2.3954803898749026,2.4008445558721094,2.4079244757887306,2.4163879806255792,2.4250483790879227,2.4355282384559334,2.4494283491793176,2.476347398475357,2.4782300518470937,2.4790887014009018,2.4788282578733423,2.5183021427688517,2.550885154249638,2.552698578528832,2.5468025973275625,2.575345387589632,2.603584908456026,2.60031804412959,2.6179909287416225,2.65254344800493,2.674171200075602,2.6809932943417536,2.700108046438931,2.7040449002677196,2.723628376265866,2.7333749900110433,2.7795379075073408,2.7982833076290485,2.814339611053764,2.832489192845637,2.837322200876559,2.855355504844787,2.886727701487089,2.8830492215234664,2.94528518748083,2.977117902009216,3.01319075336602,2.996744955592024,3.0152617377726267,3.0660073903735863,3.09116769801593,3.1073896792661824,3.1292164638740805,3.147686412434622,3.185388208198122
7.4,-0.12089756354828722,2.0,3.3546066430086223,3.3947522290841423,3.417848074350186,3.445940918758576,3.4846423860923745,3.5160445320620055,3.539552469120229,29.996046374043843,3.593547674758634,3.6354800270034535,3.6604460879875087,3.6818550381598847,3.7408900108825227,3.7810473353055274,3.777535738409359,3.81255873515556,3.857129361887584,3.8822119461725424,3.902367094926059,3.952669765292951,3.943247867108695,4.009822158764798,4.053943052099217,4.057862589595226,4.1036716744790285,4.133793572061378,4.1624543775024305,4.206250975609728,4.241283762564546,4.294724916507718,4.30309451463323,4.33880065225624,4.360506972078435,4.382622774209853,4.418108240482655,4.4627454583970625,4.504328198174102,4.5376921643858825,4.5692065161349715,4.595472849824382,4.631414110233353,4.65981516840327,4.687937135169753,4.710206910354193,4.782721756674126,4.802043499364015,4.8004021122809,4.846333159276442,4.866268185531547,4.925271209757425,4.941980625458104,4.981418838884119,5.001898266397161,5.016910041668458,5.05615761172063,5.086342339136578,5.1338466215775735,5.164252121599216,5.201698104463496,5.242904122269215,5.296193332772452,5.341660932236208,5.393216360331431,5.437772615776775,5.485432121666807,5.550589601233103,5.613682157652736,5.667338341172181,5.740680491039319,5.825708814939594,5.8841025035461705,1.383009182976068,1.321631038797236,1.2465528889308308,1.2215179350005558,1.1725360578476716,1.145336057383183,1.108199967863523,1.0973245751762568,1.0739491288914356,1.0608377798469528,1.0458341323644105,1.0233760103692147,1.0138911881769943,1.0110553160717812,0.999610034479123,0.9818710362178206,0.9655616058780933,0.9719584780144365,0.9607538444640992,0.9533983714075779,0.9554640318327798,0.9444167120967886,0.948731911242657,0.909258952506129,0.9362531677183359,0.9663444498293023,0.9157938588940834,0.95862075528723,0.9415832187803974,0.9485717986894027,0.9499460326232364,0.9209140721474564,0.9404082346993659,0.9376372893964707,0.9334767780671791,0.9611429878404562,0.9402885729623379,0.9588751071707432,0.963900705200889,0.9575510411831926,0.9693981657131833,1.022196316505001,1.0273674437088087,1.0200144702421652,1.0189130632532175,0.7477610925114108,0.7336121294045529,0.720204057620476,0.7074890211722901,0.6954233938201854,0.683967330285256,0.6730843737577653,0.6627411116486638,0.6529068728238651,0.6435534606233365,0.6346549168454345,0.6261873126059089,0.6181285625883407,0.6104582597105852,0.6031575276579152,0.5962088890923081,0.5895961476503616,0.5833042820991025,0.5773193512371837,0.5716284083150128,0.5662194239063744,0.5610812163004366,0.5670559796078376,0.5881264014677422,0.6110164800523379,0.6359621344770824,0.6632420823866069,0.6931879963442267,0.7261976968397934,0.7627524966712346,0.8034403050338964,0.8489868534939373,0.9002985821024222,0.9585226024449387,1.025132234743067,1.102051817858159,6.846376181177734,6.630550544207948,6.446154670566115,6.2368297326112225,6.081408543227219,5.9273759517174875,5.757773053867887,5.621823936062441,5.500371260316237,5.357848327526183,5.236040458624579,5.153015633655678,5.021230955494487,4.93163007679839,4.828772500985086,4.749231542514871,4.667086915588902,4.5870323430045215,4.4857059013482825,4.427620376940213,4.365419128489225,4.282593291013201,4.234412899268258,4.1598121552951675,4.1119972903893895,4.041431632305981,4.001945628908669,3.94677910488025,3.9045246042635764,3.862726003399834,3.816994862043448,3.794147593827263,3.74181283362256,3.7157624011838664,3.69691071023313,3.657498110634581,3.6153254782129802,3.589014193107735,3.571617650587859,3.526597534374528,3.505538669453704,3.4361382828147162,3.4617953658218426,3.4107298758415787,3.400936778475055,3.343007094455581,3.3229554406796584,3.3109764646370934,3.259468887223638,3.261596624590036,3.231583980781012,3.1959809898052,3.143776931751539,3.125074017422148,3.138724932342866,3.0960274721475822,3.077582098250888,3.052827499149529,3.0067661277841258,2.990628712225843,2.975949973258273,2.961396448376184,2.9465198727241004,2.8827718160593325,2.899033772711945,2.863889608708856,2.8326463452372375,2.8266605181239903,2.8088351677796846,2.8016789563558757,2.7765100221523777,2.7486429930957073,2.723124837866514,2.7094454507867014,2.6919253078915792,2.6768706131974054,2.660071282097266,2.659137302416072,2.6426032646934967,2.620813293793011,2.613125052532944,2.6018213041109344,2.5745062639667458,2.554621681091937,2.547414215285733,2.5607825196076126,2.5223716571515173,2.5009463879159988,2.4989981201685763,30.009577317696817,2.479520925885642,2.466904946162933,2.447976985404991,2.4479537167069294,2.433329389079497,2.406882408853723,2.4412348930836716,2.3972257853469356,2.363234420053764,2.3895878750464257,2.3770072079695126,2.374729219548934,2.349890495206256,2.3448320454444986,2.3256441358804367,2.3229161711049406,2.325539624397001,2.316779947261012,2.312847356975268,2.321902190813475,2.307098608953376,2.2986771748414734,2.2879953008394356,2.2713102146529485,2.2865811331607313,2.289816491124255,2.2794486525728903,2.280342458758098,2.257639766846451,2.268988732308803,2.271938872539422,2.2697228460161556,2.280504336511629,2.288019023927984,2.270518663363096,2.256421812976196,2.272825940860786,2.247037062490683,2.281747259855075,2.274228054773304,2.2659590396316753,2.2880023846611497,2.2656911946809184,2.2491359625797758,2.2697549452631294,2.2922075634111505,2.279816429769411,2.26438465370784,2.281617952877855,2.292009910630569,2.296443008907907,2.3246719685498682,2.278755122380349,2.338975545929019,2.3209210123610045,2.3279546002818483,2.3165871239437084,2.3515500707751356,2.3499360066054678,2.3539191730953504,2.3267669875132797,2.381368745616345,2.3647216532799447,2.375281328561955,2.400168579877162,2.3963913992532837,2.401302364466749,2.399530926531567,2.4306323625261075,2.428001657677204,2.4433674388492057,2.4584848956148635,2.477301564478865,2.4686598263652386,2.476090115127638,2.515083621376857,2.5076430905060856,2.543724016074109,2.5501126781673453,2.571814513582331,2.567190366072994,2.5641703550082817,2.5930552404931313,2.6058251726117416,2.619209519962895,2.654301834006629,2.6433994371101748,2.6761942456172694,2.7032751366195584,2.7118328207831257,2.7311889832512586,2.7416978104663086,2.744330350512397,2.7751003041805755,2.802088420422463,2.817144362855943,2.836255092887659,2.8627602537090207,2.8706102164441467,2.909977084523543,2.90634294766192,2.936484411391778,2.964814634960188,3.0104146388176227,3.0215737522606414,3.0599448349973146,3.07590741036783,3.1137046541804816,3.0813453871034144,3.119086392502161,3.154436355317174,3.17216981233977,3.222136886580805,3.204359695656438,3.2758531946435143,3.290594318779062,3.3219118158589374,3.335093433034811
7.5,-0.2823406087269707,2.0,3.5245602318051215,3.5557901143921447,3.5879151077977744,3.624210895952475,3.6499188255725006,3.6760840766746474,3.7108379053758815,3.737072550305078,3.780189896020183,3.813787435839408,3.8488442011375192,3.8774598151994595,30.002106668006597,3.928922896253929,3.984485066225078,4.001383622019855,4.01283739500718,4.059862292481653,4.08102760807588,4.1376813774782075,4.146554929364725,4.185642311547899,4.2292641779654625,4.253396793500406,4.312275209606493,4.288443167152937,4.3680184100967265,4.387189060117809,4.42236086334501,4.4337966255831605,4.489582663447342,4.536818585287647,4.55790352959976,4.563368433136968,4.585808435523817,4.6236523878716325,4.657100435075518,4.682705099087172,4.744779236437985,4.737108265880856,4.777323564952945,4.822297920120003,4.87575559281302,4.871175246234361,4.899821979088657,4.949339169511469,4.975146882967645,5.00061185415128,5.0301755441561795,5.07099615288062,5.0701984568274945,5.105308660901601,5.117898266444309,5.155979577260449,5.189899383540025,5.2054247288730675,5.262845792587432,5.295756487005152,5.332801948926743,5.395906733842316,5.413327760932061,5.4611371781910005,5.502756469302061,5.54139452376188,5.623851999729633,1.3761946994897176,1.3079950586978766,1.2260727273221308,1.2008230561374016,1.1563845299602262,1.1746437930885905,1.1260806997332706,1.0676401105915692,1.0635340808178513,1.0203669882597048,0.993165661934555,1.0138162301182532,1.0080470351528799,0.9785417462651944,0.9516150147983506,0.9710914399727696,0.9680551263627225,0.949543659219709,0.9110378332431455,0.9653587274028962,0.922560495916204,0.9315386990594765,0.9136508451215581,0.9369888244127744,0.9043580419323859,0.9258931469398379,0.8982412663826042,0.9130088429984001,0.9044657154594828,0.9059522388846651,0.9287550887445126,0.8979716298609831,0.9354869196858434,0.887133367671948,0.9205074408607915,0.926495506904498,0.9349010191771228,0.9487583726091696,0.9325345091785708,0.9553160984275085,0.9437664045181271,0.9657164370502535,0.9751039046318878,0.9922923437136155,0.9940578331118023,0.739010642857643,0.7223939039988196,0.7067186093267332,0.6919155114788121,0.6779221699237611,0.6646821422881041,0.6521442885841747,0.6402621703834621,0.6289935301712762,0.618299838686328,0.6081459001248286,0.5984995067755252,0.5893311360291297,0.5806136838348023,0.5723222296063286,0.5644338283496823,0.5569273264221482,0.5497831978652928,0.5429833986991293,0.5365112369383872,0.5303512564064177,0.531279278459047,0.5466422176758234,0.563096809740589,0.5807552143225044,0.5997456635903902,0.6202154400346594,0.6423345420987642,0.6663002303712111,0.692342711397486,0.7207323056672437,0.7517885724760562,0.7858920446222539,0.8234994873657555,0.8651639815354554,0.9115617090924609,0.9635282044891187,1.0221082186993573,7.859144056538492,7.585732009160389,7.287625845721787,7.004357833881776,6.771864654543075,6.560698978358517,6.364986000104878,6.165783617993784,6.028670014826487,5.83004966212158,5.64857039066094,5.502975611666454,5.356242441693219,5.2514601178630835,5.116865136574611,5.031240475821201,4.891450732065643,4.809074962635742,4.679967405769023,4.610267250808057,4.504789900195101,4.433771313221652,4.372286258868817,4.276007711493695,4.233610919693602,4.144559553894188,4.091757184730005,4.025419520838701,3.9673804358675784,3.93162373973737,3.8650584245624113,3.8191285496080956,3.760281982879645,3.7245404419003316,3.7042802669234116,3.6445800979943876,3.603909187273273,3.576627414543668,3.5197501064918693,3.5048284707654638,3.461683382737795,3.4402671449795514,3.408102974894614,3.372224981044795,3.3547642541604423,3.330933601691535,3.3365517692780573,3.260607154407832,3.2576161762923177,3.2288186236268035,3.201013105204864,3.1660197049931473,3.180469887332411,3.124268446218092,3.127136093071553,3.0640337313217985,3.0403692114918623,3.052809808871893,3.0097491680460213,2.965413163807939,2.951031342538784,2.944286691077242,2.9210543596081404,2.8894643131787077,2.859042328501139,2.8557569527741262,2.836647904443166,2.810722259913532,2.7920967314902,2.775767002378484,2.745258758973294,2.7478570852662147,2.724734706356768,2.709274128328454,2.6893825386895096,2.668992679289631,2.669988993102109,2.667069259137244,2.608971461799174,2.6120312526052745,2.60077748202746,2.585490994527523,2.575544396103075,2.578459086085164,2.5549276909835994,2.517293733768086,2.507270762909309,2.4980330061176717,2.496362226036778,2.481124123161326,2.4703096802448625,2.4691509884702474,2.463707210668845,2.4411156635449553,2.453034718915035,2.399348777138504,2.381508917800974,2.4036121369538557,2.3771344116731106,2.392224168583218,2.3714600004131507,2.3825027440368305,2.3544123611285253,2.3439860439948963,2.3562360540394,2.352813456745301,2.3415659124725248,2.323701528214002,2.3304744298791302,2.333952919080976,2.3299782725845954,2.3147359784361465,2.316363192029751,2.296411502900332,2.307790341401241,2.2779265248693568,2.3187108149165025,2.3013508729290257,2.285584726086467,2.287020880854957,2.291855244729469,2.3054562306639026,2.293126678466102,2.301870420906842,2.314938679340911,2.286426338283295,2.29324001788829,2.289426763266533,2.3018082360829526,2.2934523222293888,2.2777696446917486,2.2882674786888226,2.299865169212605,2.302223667853786,2.3184779133686644,2.2986675742839027,2.3211831583147586,2.2878966445213527,2.308054074004979,2.3057273529926623,2.3098907170280003,2.3294022791784115,2.3251168790392724,2.3142836654428343,2.3421627273677825,2.3511157040989104,2.3518794024407375,2.3546859056978917,2.376349620712448,2.3669255826984417,2.3701883243037107,2.4098839084474073,2.4085979162694344,2.4153316307631263,2.422409498594922,2.4256325314684632,2.454870226800447,2.4528454723827378,2.4674311877525446,2.4615062293679943,2.485578154146245,2.492078859408359,2.5038399138458862,2.5188667651565217,2.5124172044322775,2.542275393174192,2.557702308062294,2.5515193511838614,2.5704441961812963,2.5574463616322096,2.616186508847122,2.636350119828319,2.629262480157622,2.6393489618211,2.6792302884208143,2.6721111865752483,2.69965566381161,2.7123810971922033,2.731948124384867,2.7398645761369935,2.776689650199063,2.7808921730333265,2.8098158372836948,2.8114059560846103,2.8368764803996385,2.8560947147255384,2.889175909200829,2.9068260350482147,2.9231045227224337,2.931754200264717,2.9825471802292705,2.9998777287505782,3.0310344118005648,2.9995641960732606,3.060157598257616,3.081202995439001,3.110913915000271,3.1095072032135027,3.167715689819563,3.1954540256427157,3.2109696170707753,3.233253261516449,3.2553881541731786,3.267286792055474,3.317353867424422,3.317707335500168,3.3686985522105104,3.3920704286482684,3.427911120236523,3.459176474056254,3.475901784405143,3.4999813008928906
7.6,-0.22570177429071242,2.0,3.5780419707768094,3.5679154470944288,3.598974848239247,3.6216774192933867,3.6513352589441266,3.700536025716796,3.708827466172717,3.754397555471675,3.7721192062961206,3.806163899858503,3.8323516032654963,3.8820690169642025,3.8952769021757017,3.94001943536087,3.974504646565854,3.9824976337357674,4.042155033519715,4.070227301567532,4.087711100580998,4.127129562228606,4.154281909621586,4.210537643570069,4.241687260350839,4.2714158344308695,4.3098598365597125,4.334962050757999,4.347842439674339,4.398292477678078,4.417026950006464,4.4654407780973875,4.486538901217722,4.529204623353978,4.557772907884079,4.5804869318130645,4.615703363875893,4.651168189875479,4.666476441110729,4.70714856633282,4.707944223715095,4.747633800470927,4.806895035877645,4.8408273572497205,4.850676751946457,4.876892528123427,4.902295776084746,4.948271439035563,4.965083266688805,4.983266406532714,5.030375254790268,5.049231329674388,5.088170745208242,5.145859717340801,5.123394618673487,5.144809117346694,5.170629180718496,5.197100856645768,5.221018852313345,5.24251966698547,5.278215563838613,5.319940548809702,5.333204726277792,5.3775152664239245,5.3883530192907205,5.439854904400049,5.472525461101168,1.3171328968369773,1.2498498293632607,1.2002019371339299,1.130576541866042,1.1465013948904785,1.0891856948991818,1.0631650347107184,1.0761383698206504,1.0266231933533865,1.0009742413694298,1.0236580686740555,0.9838142171508049,0.9678136702893448,0.9779010891253201,0.9461174063466818,0.9374836081643405,0.9516405309689063,0.9292419938037445,0.9318076559369134,0.909184521178972,0.9008193107733387,0.9280706783209853,0.8965715142941586,0.8868197567562738,0.8910336754606863,0.9008162942486233,0.8962950829476894,0.8784752515396063,0.8960609703711612,0.8937697925976485,0.9203467390202762,0.8753971433418136,0.9061144284696536,0.9139931728296852,0.890203002145035,0.899274767153455,0.8979824198927597,0.9300614285068525,0.9317855157281209,0.934789300654634,0.9222827887709949,0.9554859788305432,0.9601975961673177,0.9537914891857113,0.9995773661686254,0.7147975111918456,0.6959119180607396,0.6781999297394031,0.6615637475440318,0.6459163058839233,0.6311798461457505,0.6172847123244768,0.6041683292040311,0.5917743316149038,0.5800518193487393,0.5689547170840692,0.5584412224659144,0.5484733285060163,0.5390164088976351,0.5300388567972597,0.5215117692136806,0.5134086704389084,0.505705269014631,0.49837924359875313,0.491410053815498,0.4987255518348659,0.5104610622233444,0.5229253663256617,0.5361810823638149,0.5502983700268413,0.5653560937046763,0.5814432081567878,0.5986604178569866,0.6171221752063069,0.6369591011795761,0.658320936383517,0.6813801632434643,0.7063364843824107,0.7334224029701137,0.7629102349005139,0.7951210005411548,0.8304358112964879,0.8693106076756171,0.9122954591025548,0.9600601623262722,9.213894741786865,8.722417369099391,8.34272680974854,7.960174198429531,7.630320513660776,7.3375166552336415,7.0185382566316985,6.787135054613834,6.523648116604564,6.341765225083034,6.121443261597075,5.952294341138894,5.760069478735917,5.570432046963608,5.4420482345304215,5.275088028498014,5.161746463478072,5.039327132592024,4.924994111455104,4.819518922022597,4.713186030824644,4.5802264064805165,4.492868094072256,4.424809895390377,4.325262466851965,4.280860747613636,4.177440497635266,4.11560495969826,4.039870537966336,3.979631621016531,3.9013379754312005,3.8423341959556696,3.784125219714395,3.7373959223193087,3.689400397811166,3.6215897141481004,3.5894252125990835,3.562248579192293,3.533761569397258,3.457452777749325,3.4340935762068376,3.410544652723898,3.380052786846314,3.3448090247452287,3.3095448716632676,3.2700504607478345,3.2392021498883077,3.239580036057108,3.210849361039581,3.1564257508634928,3.1507189822332458,3.1380141400116255,3.126209612505472,3.07522380898434,3.0615322075393268,3.038173837086379,3.011747506421964,2.9968385332470224,2.967847614981843,2.950726678942574,2.9346029858731537,2.9040187223831557,2.909842716870537,2.858136872453213,2.84864487913157,2.8328213228842216,2.7925388275230363,2.808146988745295,2.7857573150441266,2.7697237245220294,2.747116548831352,2.7008767958913213,2.7147312007503923,2.6767240191678003,2.6741417735523556,2.6545912635649263,2.678818798167111,2.6152359576442907,2.6207613802768224,2.612759392179494,2.5924698787826714,2.549024450337843,2.582062298632429,2.551319752628479,2.5247167537192556,2.5449850409508583,2.4845713273258943,2.4879428598143973,2.4884337783429307,2.489001729529295,2.4569677277586566,2.4706968575272885,2.465179790104747,2.4275946171333955,2.4253585298240763,2.421799297375219,2.4007422923654462,2.397365148711585,2.4119408746167808,2.3810370010479334,2.4102400199638083,2.3710441934794813,2.366935487131259,2.355179598753893,2.3552486637556598,2.3470892093758304,2.3467822873926307,2.3501430482893833,2.3330087396278283,2.3265455315635397,2.317000751178418,2.3107248708447097,2.3484007397808893,2.3220668862555267,2.3233595259802837,2.310563746113738,2.307411954530064,2.3184214477082774,2.3183863544417864,2.3212884371248643,2.303755827735174,29.99448080400798,2.2980787995591356,2.3347717306580704,2.300261593694068,2.2984181004470994,2.31012109111076,2.3163899052770085,2.284695955351746,2.3177004302921627,2.3080505258123085,2.3151858181007645,2.325433264264061,2.3081416710113247,2.3464649873371894,2.328631036982713,2.333581827925015,2.3614806947363043,2.329565602252168,2.34962708577822,2.3685342015919852,2.3566302537185133,2.351886461434056,2.356209703448061,2.3590773911052496,2.379142069429342,2.3734698059677024,2.3837233087019496,2.3915148602517067,2.415921598023614,2.4190510058867862,2.4209277709980435,2.4697308512678906,2.4575529779274894,2.4487670502173065,2.466008528386009,2.505705947921731,2.475796151376889,2.508201214241965,2.520449446184674,2.5186514348931426,2.5457084869626465,2.5821330589777958,2.5519275901269203,2.5671964275343764,2.56959906897831,2.6034772511019972,2.591115999356046,2.6155293524532857,2.6465730137242063,2.626688301294547,2.6759445432097255,2.6902585835847797,2.6988600714722804,2.707499741341314,2.72102030857815,2.7400733672821813,2.7789727196291065,2.7896104944056277,2.837642563063746,2.8288600190528257,2.8337683086544363,2.877188861919921,2.8747472394434634,2.912714708794128,2.940123314584799,2.904977437191419,2.9418942124560603,2.969787633415502,3.02282051559158,3.0285699532980495,3.0638195450739514,3.09218973819647,3.0991907495972635,3.1362657052039546,3.139811038270227,3.19751625919018,3.209640955943492,3.2331725202173023,3.2547597838759255,3.2750872058984863,3.2972101273816925,3.328262267207121,3.3634608230026117,3.382599578647791,3.3984911323746396,3.425114481541287,3.460868024943614,3.510345745900148,3.5310773359387264
7.7,-0.13221403425849995,2.0,3.610581632621776,3.631692693629982,3.650707188271103,3.7086947803049655,3.730632138580897,3.7558064123040573,3.78959089774385,3.8362413424304216,3.8472534184991805,3.901314796430708,3.903183320728065,3.921191406221339,3.9660128072395535,4.008529807648546,4.052044440249382,4.066375574591623,4.086785622953806,4.131151278699383,4.166716946656457,4.18514462490401,4.224015503228776,4.263335757568937,4.2776217054437895,4.334497206897907,4.346295538215846,4.384418264835229,4.42754642766133,4.421356413998813,4.490028238021393,4.474580615729067,30.015221731544507,4.584709403721626,4.604887007190566,4.623432769897202,4.653628742188976,4.695058285926911,4.740223819602306,4.739312928545639,4.773846818606316,4.827777017906709,4.84342950823068,4.875156147640458,4.9083880873634,4.915884569563297,4.97195226528988,4.9690225546404525,5.019733445281852,5.025728618617225,5.046967258981166,5.066904044312938,5.108013684080456,5.127095551630021,5.164050701885479,5.185949527292312,5.209097420872697,5.232746616717373,5.271808412512572,5.293719404960951,5.297395128184461,5.312563317999124,5.3361658583191085,5.365120966386069,1.4015549830005238,1.313067647207671,1.2347634399535274,1.1795311854045902,1.1318090100757583,1.1305316360792648,1.074780623908804,1.0360731690374017,1.0302649759698834,1.0088033290774394,1.0135765550486877,0.9821004456461884,0.979995060933706,0.9411057689608678,0.9548567972770957,0.9433892656725843,0.9536972176550089,0.9166743781967202,0.913138050575098,0.8995929819979731,0.8981399256603239,0.8904594867466612,0.8829943576483991,0.8902448276247429,0.8924445814554937,0.8896490831749684,0.8794225491374885,0.8622752716662094,0.8710048203502678,0.8722521392427582,0.8564754021039757,0.8752194277974528,0.8730263694070652,0.8639825295007532,0.8942835871174418,0.8884495940847219,0.9082587097720929,0.8882094275020161,0.9032071396738539,0.933891744836038,0.9038743224023129,0.9229548451713525,0.9101208536603693,0.9635459141157593,0.9395736760780065,0.9616208781147285,0.6983976531847879,0.6759740384998598,0.6551389766942037,0.6357378117443738,0.6176354768783323,0.6007134947639402,0.5848675127773098,0.570005265226825,0.5560448786786074,0.5429134548377583,0.5305458793706705,0.5188838157399029,0.5078748513831536,0.4974717699986882,0.4876319287405019,0.4783167231034335,0.4694911254352582,0.461123285533146,0.4531841838052475,0.4589621747719608,0.46768122252306826,0.4768860952241598,0.4866118414935285,0.49689711447052703,0.5077846405571389,0.5193217635372619,0.5315610785894307,0.5445611739945999,0.5583875024876391,0.5731134094675794,0.5888213520135424,0.6056043513181995,0.6235677323856887,0.6428312195220094,0.6635314754889209,0.6858251979022871,0.7098929209495922,0.7359437172450851,0.7642210586670657,0.7950101837339345,0.8286474435228288,0.865532275060555,0.9061427063187643,0.9510556708925169,10.44984185599491,9.769861875720938,9.19355276539087,8.766408017211585,8.306594607124143,7.963270941755858,7.5792319919559334,7.294118949988108,6.985860724178204,6.684082294272947,6.466060134551754,6.233820222136077,6.03178606939229,5.827889917064484,5.676616720059432,5.482379235249698,5.3343319029329646,5.184639267543744,5.043319446205937,4.932319834677208,4.808823420842685,4.671824053868967,4.5872391529183405,4.5088882018475145,4.36390790837518,4.299347593072593,4.230618445869062,4.105353758238937,4.067886318223833,3.9737013234277776,3.907330594438028,3.8419577617873633,3.8117474422419133,3.709976135401318,3.680976003462814,3.6291025626812115,3.5672221142126146,3.5149616711347966,3.4971764708952477,3.447419430674309,3.379012237009794,3.3462779276057444,3.298319473600097,3.2746745698707853,3.238431953677597,3.2057269516381734,3.1800898975926026,3.1467057738066777,3.1245791868628876,3.1068914035896373,3.0733892326210315,3.064727975624519,3.04437526803561,2.9973703482548864,2.9962410246878184,2.9768683082826053,2.9405964477799746,2.933349414270318,2.878937442495467,2.887070051187365,2.8715494354502495,2.8421638225970227,2.8327202553365423,2.815332604204859,2.776016995068318,2.7964257570746214,2.7534111792551537,2.7343248794221555,2.730568179769025,2.713715099127035,2.7067694302665224,2.665516567666066,2.6825303560982205,2.6337988996588293,2.64052772817027,2.6034640384400793,2.580263817194015,2.5884636827623155,2.5569842430244507,2.571080080964199,2.5437234965038025,2.546327851252569,2.525520237689662,2.5170876251215493,2.5114130036008473,2.482509971300228,2.512230958416423,2.468565730405605,2.461084669689144,2.456201982382567,2.4703357210329226,2.459026416191351,2.4268086794529915,2.4172216431523967,2.416632784783389,2.410333873432793,2.4303464009258557,2.3805706410862006,2.3942140567789405,2.376012995162604,2.3644799482930074,2.385616418717061,2.380376535389388,2.3570115325579883,2.334231897952353,2.3548785123755467,2.360015165603406,2.338453884412164,2.3451789085178394,2.3394685812999274,2.334871095731673,2.3260210583853973,2.3274893434988546,2.3484696833320777,2.3071901805005335,2.334772687857935,2.3436611008141024,2.324542151500005,2.315246345294245,2.308510575480105,2.2907465754517458,2.3470257272526536,2.3238772797077405,2.3305096295272483,2.3310235569861946,2.336948891804481,2.3147922749040823,2.352060833602801,2.3226452958478006,2.362082542636153,2.341409914164175,2.332813110138072,2.3476081687035615,2.34329496931295,2.357675767294883,2.380072939206239,2.3493630313178167,2.3709383892610707,2.4023257167806586,2.38485089646402,2.3771109695931703,2.3970020890661776,2.4280887689588755,2.4186301848087095,2.3945970438447284,2.4148712818049263,2.416071705796068,2.457979308422557,2.46241538284309,2.462753650165989,2.450853390227216,2.501747226408845,2.482543859641424,2.47560444001309,2.496464761050577,2.53185799839894,2.538336155092194,2.5356310470206136,2.5315927793792095,2.5680451618530893,2.580738196018744,2.6099912737231006,2.5999625336626133,2.6123979523186263,2.638533208282051,2.6618186793228276,2.649182128847808,2.6707138134452495,2.696728958784278,2.7130015690024734,2.7340331778557876,2.7160441447548735,2.7784636137382015,2.756241954873268,2.7955452682389756,2.8006070177140523,2.8443502543736745,2.839972042187375,2.862803326543201,2.8964895877568773,2.9140677770564007,2.9224777185265025,2.9526620774026426,2.9578280971174102,2.9909473508191837,3.009447399237091,3.0462115091166826,3.0469283015877417,3.0631803779443763,3.091438287342887,3.1267205398509432,3.1604536878963536,3.1744221137226987,3.1835426349696276,3.208311416261762,3.2674594287899885,3.2729898592827156,3.2846589765882,3.331678962073563,3.3642998794436787,3.3593025059329777,3.403953172925015,3.4378800159867824,3.4581186185027404,3.498490687536391,3.5439389410496855,3.5591148000207022,3.5806836240478415
7.8,-0.1582199114563377,2.0,3.7257862591428292,3.75712565451683,3.7953630475690168,3.7979035992321917,3.8282330241021874,3.8729408519059456,3.8796041797341854,3.9338162292009815,3.9402679229134843,3.9890641601831005,4.024549261282653,4.0503390431945325,4.099052971889792,4.119026879576757,4.17116199367947,4.182734784248791,4.230532406251808,4.223258763483514,4.271963789661945,4.312305184068409,4.354353595894093,4.396054247599252,4.402423280922694,4.440590007473931,4.488184489490826,4.50694698929621,4.539817313262445,4.576225325408063,4.633055182782596,4.6177717843548605,4.660439082859437,4.668191291294747,4.724594917119241,4.7497880636622725,4.782165797815009,4.800101235425323,4.845912180293404,4.861556126523485,4.893638069480708,4.929696592587442,4.952027678090508,4.984088946448856,5.0333747072998625,5.0196117562373095,5.046937635231449,5.056513665669343,5.112428837376004,5.150630105033113,5.171601801318815,5.191775448201097,5.205273452690073,5.222638089086256,5.264400492757967,5.280481016716783,5.3072839700104115,5.3246589637094335,5.347965841005127,5.356245881493667,5.376293215985132,1.3326696192489333,1.209255590876391,1.190390706138374,1.1419462606587125,1.1027767547997238,1.0872942233264309,1.0534333323426568,1.0266653585779708,1.0299095375244642,1.0025206726558735,0.9826848946529018,0.9901194810005498,0.9338407599159803,0.9526643954945047,0.9510177932715501,0.947217127986134,0.9237007449677813,0.8896464685101915,0.890522769068093,0.9127289132588684,0.9009191216221244,0.8916901690035165,0.8818972471121832,0.8700850185435945,0.8925012372568192,0.892414802055657,0.8925754562657816,0.8725999547373618,0.845133858783817,0.8780976462298837,0.8958241526098945,0.887649812739383,0.8745991520709676,0.8642496802364443,0.8970239350293565,0.8853262263895348,0.8686449204393624,0.8970882654917569,0.8936621382589718,0.9017432949640352,0.9233631461902171,0.9261516808630718,0.9369052200210162,0.9596807573026974,0.9302251556837325,0.6853725643473842,0.6575102667458392,0.6320098982575432,0.608592183433068,0.5870203355275251,0.5670922786885895,0.5486345185071599,0.5314972672820023,0.5155505342433858,0.5006809650120077,0.48678926798029926,0.47378810428371626,0.4616003467855062,0.4501576349252042,0.4393991683971928,0.4292706948543404,0.4197236561877312,0.4219023912916103,0.42808799028824623,0.4345920658825825,0.44143341811770825,0.4486325041481304,0.45621161804554267,0.46419509483285926,0.4726095426260484,0.4814841074908782,0.49085077650637887,0.5007447256072742,0.5112047201031931,0.5222735774064904,0.5339987035249255,0.5464327173966524,0.5596341803023122,0.5736684515658927,0.58860869679589,0.6045370813464574,0.6215461899330894,0.6397407240144375,0.6592395424675143,0.6801781293673136,0.7027115969123545,0.7270183639444294,0.7533046942789438,0.7818103387966182,0.8128156076930722,0.8466503144574052,0.8837051961567272,13.28083137971705,12.345619445389094,11.379274749600153,10.686025565539964,9.95986361491266,9.320476588843503,8.871746167451708,8.354868580009576,7.981315016986944,7.563860028641792,7.263742356406218,6.956099785294271,6.695873225079062,6.420689255932049,6.164812011327728,5.962213189572084,5.75708832358303,5.583011223863544,5.396326800838965,5.280233263119408,5.085720862314916,4.974455885610613,4.801129735131409,4.697828773012215,4.598189469518047,4.482913252121981,4.353236478847855,4.269789754758556,4.205830826861265,4.078620367541863,4.010485415040325,3.947517904975487,3.866935647899533,3.8054125278149855,3.721517741338851,3.668309362050401,3.6254697922262307,3.5540961590124054,3.5209308122050724,3.465435508846982,3.405666224645218,3.3612331349297673,3.299670348039792,3.2756266113310004,3.2485686895224184,3.1900643420603623,3.1499075925852664,3.133950519052996,3.0953344371360685,3.0727184090720803,3.016183890303297,3.0100823075399337,2.97539880705052,2.9547432394955884,2.9395332963544964,2.9145062770731527,2.89701915262697,2.888775427019979,2.851760185238795,2.834646934917898,2.8188052158311043,2.8115220818017947,2.783767980994575,2.7600913861855587,2.737678169342591,2.6913983431012096,2.7269056823711777,2.689404628465345,2.694643023478574,2.681935099051028,2.679400364782018,2.651562252981714,2.6251103955187354,2.594740312027728,2.586867619720549,2.5716391542896218,2.557550917481161,2.539250133269736,2.546709735936618,2.5374222707360734,2.519653387043359,2.5406349607991525,2.5024681551878643,2.4771048801412667,2.479328397244959,2.456135942918941,2.4510628791223534,2.448548144741557,2.4221375313203732,2.411236051899049,2.4353505308077623,2.4268833122447178,2.393128797634145,2.4012363522432447,2.414384955897126,2.4012981555489645,2.375150271776238,2.3774636850118727,2.3637230904343483,2.3481447821480437,2.3717770561704614,2.362952311139023,2.3576685555275287,2.3234211754117235,2.3456027755619604,2.3476140740610836,2.346882679637083,2.35106996282726,2.3305306574320173,2.3551303823328444,2.3420450838192886,2.3141594877326335,2.334837640027411,2.3517830052890702,2.3238585793465405,2.3199614786910683,2.3093059663700695,2.3193325898935253,2.304100554693982,2.338415331241929,2.2859160082460837,2.332574513517355,2.3227093645105144,2.3233627149558354,2.339064690223097,2.332942008674644,2.3390099849971184,2.3391945436739334,2.348150575890409,2.349192103781458,2.3669085435081043,2.3558480129187847,2.365745178923519,2.3643840165933563,2.3630814901444217,2.3851733254505474,2.369607433711501,2.409138703627728,2.385739626057346,2.4119833092729395,2.4306194031658834,2.423567647496374,2.404366153027177,2.4286485784833363,2.4270371912546898,2.4658302241807304,2.463931548779826,2.4729270992444126,2.498593486448269,2.481676911380944,2.5069410655013016,2.497905033663895,2.504693293973724,2.5333476085591298,2.543571904507966,2.5582567361522255,2.565332943180458,2.5912887817876853,2.592614366939134,2.6086577628438863,2.6104119109973754,2.612083079325493,2.6479403367684506,2.6625429607051285,2.6938280643547152,2.711837960508266,2.7012559682449258,2.7263035961850917,2.7691258439054143,2.780237376374504,2.7731670870756293,2.811926011941329,2.8214917325672237,2.8221640412997306,2.8344538156067727,2.874688421657682,2.8958885901532003,2.9202324341457,2.936433974922068,2.9394426456004257,2.968870952515217,2.9731025702822196,3.025268227019388,3.0268696475422296,3.0439010961536956,3.074627368241942,3.08748400332964,3.1533250874600953,3.1478602728093117,3.1989333569221343,3.198089052022716,3.2274922838046156,3.251767388446068,3.2659739154749037,3.301898995654124,3.335607753295302,3.3497411664320973,3.394977419890539,3.393795548005895,3.4485501977526893,3.4648858227914263,3.488956062903398,3.532604098172269,3.519647579332829,3.5807387806242166,3.6064020207376433,3.637063458088611,3.654133207735719,3.6658910096621797
7.9,-0.1701085837187141,2.0,3.829552261451254,3.8367261778819235,3.9073526441773683,3.9311944792157294,3.947945517780899,3.970120317245356,4.028769812605531,4.053890699787651,4.064897207599582,4.096852215671026,4.140089994614702,4.191973260696161,4.192644888913302,4.251212302207909,4.265910196082029,4.288762255237039,4.35537847783873,4.368304684536542,4.389606617865087,4.4330263080552115,4.469509653039167,4.511858679390637,4.541462705436901,4.556342034699249,4.599238382214175,4.608354125829376,4.666029598130387,4.669683676949585,4.721468839729209,4.738420728036929,4.762647344215727,4.801970931850036,29.999395875057367,4.855374823413044,4.894252231095123,4.9160283647822975,4.954455720535241,4.9714845602972275,5.008565111908817,5.041898258092402,5.072559972015384,5.086423830517084,5.1281916654401325,5.1412916212904065,5.1547997642696695,5.162217028855169,5.228912618671763,5.230651435050761,5.2627666260009525,5.2905287407520785,5.313125050526339,5.325883120462797,5.3585406924308145,5.365097695074642,5.387996796385724,1.4149760161708913,1.291635121184664,1.2268264969124354,1.16982260633901,1.1253485610293494,1.0872224029195305,1.1231019628994376,1.0651420336219521,1.0271805164493792,1.025232508168313,1.0196641871821228,0.9656769458540718,0.9514801562815477,0.9725385197416067,0.964734504071443,0.9423099193569128,0.9395288806672478,0.9154912614612908,0.8999321125770676,0.9177297975350899,0.8937814648835096,0.8997092582907152,0.909527415919471,0.886231371696936,0.8935370160507504,0.9033298989566143,0.9086846980630644,0.8786041279061354,0.9057793310226323,0.8878746458285386,0.9075371673115551,0.903438415918017,0.8923115977464555,0.9111072469474689,0.9333398682404017,0.8963362407778547,0.891203237020319,0.9079567857126084,0.9081618130348054,0.9089698003722976,0.9293812432805251,0.943070191470354,0.9295418834792303,0.9729882611376011,0.9602123573695405,0.6657691371576844,0.6305142829172407,0.5989787419060686,0.5706130744050835,0.5449710974733646,0.5216867233546781,0.5004567648159475,0.4810279878460654,0.4631872360952235,0.44675380917314267,0.43157351668415905,0.4175139933613397,0.40446097391193725,0.392315305786978,0.39463551076976683,0.3989295426579067,0.40344234028436005,0.40818421273672584,0.41316627747465806,0.4184005335053194,0.4238999429957321,0.42967852245877514,0.4357514448293287,0.44213515395936615,0.4488474933122861,0.4559078509357258,0.4633373231486291,0.4711588998050955,0.47939767451018694,0.4880810837811201,0.49723917989582156,0.5069049430809441,0.5171146398028469,0.5279082352884096,0.5393298700830581,0.5514284125350863,0.5642581016876884,0.5778792983060623,0.5923593658549557,0.6077737084219812,0.6242069991879835,0.6417546415275674,0.6605245157918337,0.6806390791189834,0.7022379043954599,0.7254807693696554,0.7505514401880624,0.7776623385449276,0.8070603429303208,0.8390340590383187,18.139016489159502,17.18997625363998,15.270839546989732,13.945481552778487,12.68977693679989,11.592840302475745,10.8511973227547,10.058922358348427,9.497987024171222,8.904816197950153,8.44684936866494,7.9876311783492975,7.556780715059955,7.221535047921311,6.895160002271081,6.64101532255883,6.335204547476242,6.118625310349183,5.881140730940073,5.706630285863204,5.485389246208235,5.301298886327334,5.163419112931315,5.01213577568206,4.866528740932277,4.721977957170155,4.618959481176199,4.47600291870838,4.3895338116602165,4.281157347376633,4.15041879230768,4.059766045584184,4.005897848713489,3.9041967823141897,3.8440057230810725,3.765873290911428,3.695686571818996,3.6219495660455014,3.566729105542794,3.497681503999462,3.4502659196615157,3.39424167955343,3.3661246716351525,3.2837284984260515,3.2467243038111966,3.2156448445747228,3.166259122326884,3.1433428358157864,3.0990446640904277,3.047322606338416,3.020584944914464,2.9843092654731294,2.9474244062511037,2.924807065370019,2.8927488789288245,2.906475697403303,2.85582451776826,2.7974040840145373,2.8023659834974954,2.7722887843527455,2.762401150355026,2.7331797292505366,2.709314629522233,2.7120038186756683,2.6697191014782797,2.647204001437987,2.6699415522255383,2.628514525136315,2.617287623502513,2.629519004316925,2.608964472948136,2.5898270115099518,2.5806481844938616,2.5763756727492657,2.5452266800545176,2.5305145517042695,2.518614969222637,2.523467137662506,2.5002968171967948,2.4824413256622635,2.495408256591659,2.469067802307028,2.4679389211860703,2.433751771144773,2.4527693342026473,2.443453223169915,2.4172518261920817,2.418499156319206,2.404124403294831,2.4111001435659984,2.385667225929798,2.4000868392867103,2.3792866587116825,2.3523715460798464,2.3535756375794974,2.339212844960124,2.3480153916574937,2.329912771718526,2.3309650515244598,2.3532859593702473,2.344458576788244,2.333907316356104,2.322324021096058,2.33609742959819,2.3414719213274413,2.33139296776439,2.3079563037480564,2.332948128543041,2.3087162635436327,2.336734887590889,2.3198024754419544,2.303449177564143,2.306953204363796,2.323431094291781,2.2977662373173104,2.3053013179512134,2.320466449116102,2.320048077911156,2.2987270405734397,2.309418884879247,2.293214976789092,2.305730760743305,2.32660898136588,2.3040484124048874,2.3075894335054556,2.308555673208557,2.3465388375714973,2.3489113130609303,29.99967504493654,2.3635054745385164,2.3577633837574545,2.3660724224903147,2.3381609466494,2.3738982810837808,2.3902199815230896,2.3875166222533784,2.3795299758542265,2.39796383243905,2.416184870368094,2.4024840587659013,2.427351624239333,2.4302491856637314,2.409838215330762,2.4504572158185383,2.452382859581293,2.465249140491832,30.019343661526516,2.4821341436105686,2.488795226064346,2.495673566591023,2.50366507559571,2.493446240194242,2.5236073952864397,2.5534523334769657,2.5600547842727623,2.545960229655935,2.596694710427009,2.593297215822377,2.60928306993512,2.6540110443762477,2.645034013745651,2.6567242233367527,2.687582501046567,2.7212047341463594,2.719447467993212,2.7368094243059278,2.736400054052925,2.7741588780579844,2.7633707694129948,2.803131347783528,2.825079267274834,2.840158897713904,2.8255204690032856,2.876746272471242,2.883595099175136,2.9216648864845247,2.923277167609451,2.964768905764072,2.9753472148825364,2.978251850261666,3.026484747150743,3.035978610671562,3.0710766534614993,3.081815032211182,3.1227473027828663,3.1599552631456365,3.155695900538005,3.191305346802373,3.1994791706059575,3.2446799133822255,3.2843669446446437,3.264117119392207,3.305028074163575,3.3499744253154016,3.371286652767652,3.394423772370138,3.433838044096419,3.448827883349782,3.4682949335804634,3.513964017777574,3.5540327374597913,3.568221582669285,3.5896770227648713,3.5917813153297242,3.6518754114512975,3.6722959422762473,3.6834376360076138,3.731004044095532,3.769857490134064,3.7742083033512794
8.0,-0.06027220130155884,2.0,3.9282365831807255,3.933042769101092,3.9802978213239997,4.017248567439229,4.038007636265261,4.069918602569323,4.105567029385866,4.136222267153455,4.166738546098004,4.214011267081629,4.22870279291551,4.240686942692507,4.283742551227279,4.319077422325535,4.360025142254915,4.399256459828546,4.425905107708204,4.4674314558508925,4.478173019840882,4.53018280165015,4.564856055604716,4.600591476388137,4.602603681254834,4.652024971336935,4.694455397515175,4.732783346088842,4.7392376184941,4.771177730396212,4.816654933117891,4.844010339244453,4.879978228339571,4.893399495841987,4.9326706047756295,4.931434381096794,5.005128796075122,5.004311953275937,5.048236227709885,5.065419523642773,5.0943613623922,5.11260560855412,5.1376556949626,5.172938288255461,5.198277218448761,5.223425454878457,5.248157454372893,5.282612287973491,5.301885967489787,5.310649616397843,5.328168374772333,5.342089916426996,5.411323066931993,5.400491624095975,1.4353798594360216,1.3408745409022886,1.2967228613102613,1.2416542904298853,1.143722335791338,1.1401855904470166,1.122076559697587,1.0870226629238824,1.0554605326819118,1.0231651759835965,1.0241711161189189,1.0168032796470463,0.9851561171978658,0.9802313862338253,0.9614491661326329,0.9608607853443911,0.9868045430734652,0.940219903752133,0.9459691584021755,0.9386515809105986,0.9441966140806548,0.9408341727100435,0.9409057507052947,0.9286380637458176,0.9091068258961958,0.9167465320759773,0.9255396588547826,0.9023041220058813,0.9259616502454869,0.9095281369667668,0.913953377081233,0.9244822832888163,0.9150821047100618,0.9000148908952214,0.9125097338039777,0.918103363140827,0.9371204105998847,0.9280818168884561,0.9364893550631991,0.9362376994878489,0.9718761762857522,0.9583269690375251,0.9547970883573242,0.9658414146529045,0.9993943267726266,0.6359091027763804,0.5878254513428167,0.5466570844370463,0.5110232801392662,0.4798880445009132,0.4524588525899101,0.4281191012458548,0.40638186783892327,0.38685752614401414,0.3692306051370692,0.369355777976343,0.37203974519575445,0.3748780751823405,0.3778760790768054,0.38103946921685855,0.38437438805908036,0.38788744005610115,0.39158572681924575,0.3954768859414773,0.39956913390692195,0.4038713135726402,0.40839294677705645,0.4131442927092,0.41813641276568764,0.423381242730592,0.4288916732399066,0.4346816396407881,0.44076622253040415,0.44716176046531236,0.45388597657624086,0.4609581211128472,0.4683991322882326,0.47623181820577026,0.4844810631461878,0.49317406208963277,0.50234058806924,0.5120132978292982,0.5222280823302984,0.5330244699530898,0.5444460918669215,0.5565412210209743,0.5693633986995646,0.5829721656825549,0.5974339189522485,0.6128229198212375,0.6292224856358484,0.6467264052584603,0.665440628920227,0.6854852965444891,0.7069971863479433,0.730132688932776,0.7550714433024202,0.7820208132759797,19.619044469503848,19.272944172751522,18.896277828802944,18.339470270597758,17.753552422261087,16.075665812921457,14.315014633485232,13.136525303580077,11.931325525802219,11.091873797105748,10.246065767122852,9.631901661651037,9.002048309280813,8.511192805388138,8.009537660827302,7.563170850168625,7.229698778412823,6.884035932955073,6.576193904304592,6.3071633795996735,6.0711078224146515,5.8305136462829825,5.62461346706252,5.42270189059079,5.213622775409895,5.0724558641173,4.907963203273917,4.760172259514282,4.632870268618597,4.50693330730766,4.375524698013449,4.271523287210436,4.148256229797904,4.0695355712123895,3.9777085601015822,3.883283131380228,3.8260327943858186,3.7131944495019664,3.6661619872831954,3.584168839656535,3.509348092342539,3.4597612562669666,3.4017734486984725,3.3451551944297138,3.282989858962354,3.233795341497764,3.182650441870145,3.1356559477407453,3.106658942342604,3.068598709287259,3.0230928667231196,2.9968936067738854,2.958049318591244,2.8959651870663503,2.8693624177362134,2.8392822888736733,2.8218310989165567,2.7948219866099233,2.769425597510574,2.743070077219703,2.7140558574055453,2.7086639594870228,2.6678722699721935,2.668329149777332,2.6258670120325966,2.610385863820211,2.5949885293520727,2.583892751027021,2.5596055138770435,2.529766232614711,2.521612318595251,2.5239713840764164,2.5251988244311936,2.4886363801911777,2.485932473582258,2.4839278055071605,2.482658410843846,2.4642661568997513,2.410185578560634,2.4143343650069116,2.435076512269771,2.4268689679121236,2.4043333449243143,2.405765111438997,2.3907747439645375,2.392844049630648,2.3792774481706265,2.3661796074327555,2.3514195338843082,2.370383026301006,2.3721810325849053,2.342554213350784,2.376426315372536,2.3255180736205103,2.352218286502119,2.3262893921598717,2.311084927008574,2.3208477610283373,2.315506806183535,2.3325347843980864,2.310088512705245,2.3070227884963694,2.30143009975837,2.282506508126701,2.258910953470665,2.2749027536952533,2.2835219325911345,2.2921133136049177,2.310934946203109,2.2855157505984867,2.271078671720678,2.2706684419127643,2.2899703546873713,2.2850170034035178,2.290820693159921,2.302151783901695,2.320937769017807,2.3100256326171524,2.2985779992174584,2.2984998024074437,2.325747379691927,2.298259311932901,2.2998633341366412,2.3343326358750773,2.312265967066235,2.3099617968582087,2.3329483885880404,2.3284651602424655,2.342720470646735,2.3303251140696095,2.3562324650033255,2.3494218573896855,2.339233503520126,2.358858125085998,2.3747271773177285,2.3761456926731417,2.3580455415914887,2.3988178010807677,2.410825440198202,2.4269630610259636,2.417050691412759,2.42285962642323,2.445084016601361,2.4291485878309933,2.4451593546510426,2.461588967170105,2.4848831037664745,2.487709704471431,2.5196303281525756,2.5388119069981703,2.5265647030139693,2.5223014624413187,2.5592012423325587,2.557686793579994,2.5856394040774813,2.5699171033641663,2.6100199300379576,2.649302860714457,2.6385777943434685,2.651046704324606,2.671688802863156,2.6824113506040432,2.691712757124535,2.740549002792088,2.7537703675586047,2.7427480824337125,2.790290567142711,2.802205503044731,2.7984091717648116,2.8262194726380407,2.8514182035875484,2.8584628310444216,2.884557749254651,2.903351898752338,2.9359126564593647,2.967130076050009,2.9813552773063394,3.0016786979692287,3.011851063277288,3.043798676369451,3.047150988823217,3.1002702289099466,3.1320916330126596,3.105386197420223,3.158844193199633,3.2024238892443657,3.2014742356230244,3.2131974354043535,3.254614722698197,3.295184887830465,3.287659401353107,3.342502887224918,3.3817271719128006,3.3961971727376477,3.4236432011980873,3.4613512472254517,3.4766155916994874,3.543230219196032,3.5425249963291994,3.5722298553386125,3.600206730759751,3.619120835354261,3.6750478075932795,3.6981309947745173,3.7290365969160373,3.766764255016483,3.795790480255935,3.7994277633626194,3.8652493667881154,3.878925281169065
8.1,-0.17468435393014148,2.0,4.067298882118863,4.084384856670186,4.126239013070579,4.172105960499759,4.197278922447855,4.24911048196213,4.265122300845346,4.301161192617601,4.33096956551117,4.385182270980303,4.399829573284259,4.439233150170164,4.470730772577121,4.480746734230187,4.519958818401692,4.573926164515328,4.595943038749337,4.6169111342080855,4.645702994548803,4.689432725540055,4.727697768414353,4.75901009266074,4.799169618801099,4.817289442875166,4.8416749788371085,4.877802141800407,4.898164607016266,4.943328088435908,4.96985091895371,4.992404801240741,5.022181832317258,5.0548852159194375,5.081112547840128,5.105088329470329,5.144374554186089,5.15276828977095,5.190392153813128,5.226765811345249,5.243834269964332,5.257088636080494,5.312729676263499,5.35136669329504,5.33138721646793,5.351795470617189,5.402952198140099,5.417974652659378,5.444887051353737,5.433414015028022,1.4562231781872084,1.364461732879228,1.2854773160896422,1.2358788272627295,1.2088079437839978,1.1735531317383696,1.1039349881739098,1.1405268870010181,1.0739263621742505,1.0972765528946873,1.0589495357429348,1.0414850011459051,1.0217943611998208,1.0191515540893035,1.0038555963027032,0.9931931939308907,0.9748821702207768,1.0001699708601097,0.9645491197068146,0.9713446819357657,0.964088070318567,0.9766373388297308,0.9589296979202752,0.9702735836489975,0.9634044131333693,0.964392099871727,0.9393392494134284,0.9644181109493488,0.93863857094904,0.9530837251619227,0.9431889167466182,0.9457603172940062,0.9494494729042032,0.9416221444139443,0.9638595404783603,0.9625262000089448,0.9402596544938557,0.9952788094620872,0.9779109015557956,0.9821139990304975,0.9885651174477906,1.019515819042742,1.0121148965868958,0.6394425503433186,0.5477396738679612,0.4791679037704126,0.42597029856563917,0.38350961763540786,0.35578862772101605,0.35704862368710233,0.3584271852500718,0.3599265366616766,0.36154912025962177,0.36329760646397224,0.36517490486619847,0.36718417649921054,0.36932884738801,0.3716126234932092,0.37403950717382517,0.3766138153116985,0.3793401992578819,0.38222366678170316,0.3852696062263225,0.38848381310088637,0.3918725193693569,0.39544242573036004,0.399200737221657,0.40315520252793896,0.4073141574225598,0.41168657283375715,0.4162821080952431,0.4211111700214892,0.42618497854158005,0.43151563973461377,0.43711622723720134,0.4430008731432437,0.44918486969212484,0.45568478324906,0.46251858232700693,0.46970578169121896,0.47726760493497594,0.48522716833039575,0.4936096892565671,0.5024427231074268,0.5117564333074606,0.5215838999443212,0.5319614736016652,0.5429291822911725,0.5545312010016888,0.5668163953854563,0.5798389535898982,0.5936591233533904,0.608344075392267,0.6239689190486514,0.64061790245744,0.6583858375461241,0.677379800572334,0.6977211724086612,0.7195481004746954,20.3032728390886,20.17352786437578,19.997404640217976,19.76900460723783,19.51758808956218,19.233063630377845,18.82619024689341,18.446584329165596,17.763406589675846,16.389827944657128,14.775085732627488,13.21334270587723,12.14158344441612,11.056171585634468,10.338854153436538,9.555887553893015,8.987821383521615,8.390827438991403,7.9030720571076225,7.50455522943101,7.10364210123704,6.805461835089593,6.464795999861992,6.233909419629622,5.915102661615788,5.7247072243540105,5.495534682985454,5.269296205800701,5.119972100782414,4.9321753793767416,4.7938621400990105,4.63989467357455,4.515401263030624,4.379230745414863,4.290438794047758,4.14710927428983,4.029908700483307,3.9533341636081802,3.8720349036152113,3.777049944294501,3.6922573072334894,3.6128331559978406,3.5324728793009483,3.4711661443188864,3.422589002887901,3.3247102353763007,3.2995498365382527,3.2373483931953753,3.173067159673213,3.1299374134912785,3.0917693975387395,3.0262850237466354,2.9971179152695013,2.953684012960166,2.9255672760503435,2.8601597393117024,2.8242500625941735,2.8171613381530487,2.784315736889081,2.752753385492719,2.7277948240850063,2.6900674026369376,2.6696635180492643,2.6342063808206704,2.611490609020524,2.5826902571147055,2.5945414650362175,2.5376657076667413,2.5161726523682386,2.4955397613652606,2.505869327268971,2.478723396150746,2.451291120868408,2.455786432487528,2.4575876194428377,2.406567383818881,2.4237636032043364,2.403458276461853,2.38930257874236,2.381998949595823,2.3933763920302322,2.380826319392681,2.3526686760900763,2.368413977562588,2.364926682824838,2.356773148613864,2.33442652908735,2.340083192374691,2.3149893042714487,2.3041831839460283,2.3156124473828803,2.296562979147007,2.316290634129068,2.2906475169178586,2.257455129372649,2.2963779832979037,2.289193003513941,2.29134511543048,2.281514747631751,2.266359678891884,2.2743828359004836,2.2942625744759657,2.251423761025851,2.268568080731596,2.2367269269352947,2.2573975287110817,2.2592700048709013,2.2602072296025995,2.266907538416555,2.2601972829367694,2.261186592799153,2.244459745376713,2.237267334318051,2.269112701214708,2.2422170161444366,2.265468910784411,2.263476070283865,2.2665051598750723,2.2510257799522297,2.2697933352839237,2.2658215163195505,2.2667183991438513,2.2962398696306363,2.2889143148312576,2.282267811133844,2.298587108200768,2.2846129019033454,2.2909147648778347,2.296532624894724,2.3154515869835492,2.3238518629609684,2.336284981901034,2.3391712512740432,2.306725247427098,2.3563351360796663,2.3765853902283283,2.3587192179870193,2.3810459647453115,2.3688881982815504,2.4049311472853905,2.3985833822861937,2.414496085821613,2.426417016480003,2.405732254331815,2.4597951960987756,2.4464244400031347,2.4636575905901115,2.4882502177595383,2.469045727904215,2.5156048103007427,2.511089758357411,2.543591084286263,2.5265891862090175,2.557003649461669,2.583834720658551,2.583089254193031,2.608531456088689,2.6465979291155173,2.6157907397513265,2.6469498553932613,2.6697873193984787,2.678036896895198,2.70670174902183,2.6979902904663073,2.724334836719225,2.7665404236721063,2.7766115743699533,2.8186252867608825,2.799039949669839,2.8903204733397176,2.8613700133888647,2.885954489378492,2.9062928058822814,2.936205697282253,2.9585129049045467,2.935824016830051,3.018933318660677,2.9997404666185203,3.0307854581695177,3.081870894990277,3.089345368702009,3.114196272999715,3.1347827483103696,3.1477989274109666,3.19444374431796,3.220488951308774,3.2507499934488946,3.268334439638981,3.2845210552319464,3.326023420526969,3.3365701534915146,3.3761642353072285,3.382074885405713,3.4387870884167007,3.4685777590766538,3.488991902835663,3.5245496584751677,3.5453565481586167,3.567220735929876,3.601361757164979,3.6462023552500953,3.688970013281555,3.728536711878317,3.7663009596010273,3.7770562812622357,3.7984254850311023,3.8420215139204807,3.8691347519150017,3.89347896711388,3.9182351225226486,3.962231186052861,4.002133781090629,4.010971407293586
8.2,-0.13421557028920808,2.0,4.153551512831942,4.205265631274066,4.2185577794143665,4.273419116634233,4.30557511880881,4.329960654221014,4.3898670535112885,4.394843220702611,4.4405508157630065,4.479634694846051,4.5253431946088405,4.546317992773548,4.581473007793824,4.62722976704369,4.632199816044395,4.6748154552044205,4.70481269915303,4.732252744626924,4.768715475472495,4.796711175170891,4.839921444639676,4.875444250708358,4.917193657545009,4.948537364664016,4.964153160310607,4.973096448976623,29.985451096340494,5.059534367095637,5.067607912062471,5.12797362720983,5.15070468143475,5.178749280499073,5.2082517338372645,5.237566664635777,5.223109823609881,5.276382148090609,5.323260031443429,5.325757014694981,5.3431551118903196,5.369448691240842,5.4079358499706744,5.4222871342343835,5.469611764220995,5.466395204644581,5.481829956967233,5.509374443460935,1.4960288812398241,1.3695186240598405,1.2858678980416844,1.263188199322184,1.2668820404944878,1.2170156158569878,1.1506739699322055,1.1562868476023163,1.129302105707815,1.143759995948804,1.11364269596155,1.082778200085019,1.0946687989871016,1.0453065134896387,1.0623265552834937,1.0540005845512772,1.0677525507981367,1.017927127625571,1.030892748492704,0.9965351842635748,0.9989040657296413,0.9984554513406975,1.005940934564582,0.9979592524645113,0.9939638315308158,0.9949186170051999,1.0016137133086933,1.0015064358745385,0.9918704308474392,1.0141424095060356,1.0051123702477769,1.0080728416839806,1.009677181812438,1.0425229923102688,1.0184500312301494,1.014000950440411,1.0088799342947194,1.0502632145142994,1.0474945838479022,1.0622313390797518,1.057658010411135,0.3562731070232856,0.35638272576680163,0.3566011103459877,0.356928594130151,0.3573656779502798,0.35791303197184965,0.3585714982102341,0.35934209370635084,0.36022601438494517,0.3612246396229314,0.36233953756055404,0.3635724711938497,0.3649254052930593,0.3664005141983477,0.36800019055151384,0.3697270550304206,0.37158396716176334,0.373574037297644,0.37570063985238633,0.3779674279082727,0.3803783493126166,0.38293766440401417,0.38564996552302117,0.3885201984821717,0.39155368619255204,0.3947561546694773,0.39813376166868175,0.4016931282373861,0.40544137350232556,0.4093861530601049,0.4135357013850243,0.4178988787269111,0.4224852230378305,0.4273050075434114,0.43236930466382517,0.4376900570934637,0.44328015696985507,0.44915353420464404,0.45532525521660494,0.46181163350356913,0.4686303537228607,0.4758006112257211,0.48334326931937976,0.4912810369221227,0.4996386697459181,0.5084431987052923,0.5177241899320497,0.5275140416006011,0.5378483237728762,0.5487661686992957,0.5603107205196372,0.5725296551675776,0.5854757835893294,0.5992077542625895,0.6137908746074033,0.6292980754271936,0.6458110482872667,0.6634215931060526,9.342447823178219,11.434605852894496,13.986706980249583,20.34512758358531,20.259273024306648,20.10635517576151,19.962708952208306,19.747120652588734,19.497981308866276,19.272476309776486,18.909652073785217,18.543002271712318,17.987388384254334,17.38092606746317,15.708190560153918,14.139254639842525,12.639679451702097,11.446251203576198,10.608673427018427,9.742404485329999,9.13209619340364,8.499863138366825,8.05052553192788,7.537602950639231,7.1981757395463575,6.787555990091059,6.457565327947438,6.180847612979468,5.904390134309998,5.6804955846345075,5.440189192969267,5.2754845902464815,5.0412093536777025,4.91786190247153,4.723930867508574,4.573299130237766,4.43305070032229,4.302633091568323,4.17531957647396,4.078169575093648,3.9704205490875566,3.8591549439677215,3.7986374346305376,3.691113309598749,3.6161125738600233,3.5302838061561435,3.4710347633466814,3.397429754327118,3.3255688770593146,3.2757639534788288,3.221289763475324,3.142758054445427,3.09380805695783,3.0349127175787776,3.008940737635636,2.945050203892234,2.9054993190403735,2.8665858506721085,2.808578117353171,2.7730127379895277,2.7682400501193216,2.7317696819262434,2.6763212954996054,2.6696913785906458,2.621463255408472,2.6209299807395254,2.558424658033331,2.5490016717988255,2.5159120903700907,2.5013101339049597,2.4778671292453587,2.4526319650533597,2.4529707007771293,2.4293090861312288,2.403907261872016,2.403785154965603,2.3697720869054693,2.369122922572339,2.3317704481858117,2.333481480566175,2.321836627854167,2.2921454383223083,2.321748276346256,2.30465647961691,2.2670180466060765,2.267639768154361,2.289593678754637,2.257016584842175,2.252717076328092,2.230532607548287,2.2502340719597815,2.2539713602096723,2.2285857216370513,2.2491923957492332,2.2353672277776564,2.2418656946764846,2.2126562261010543,2.2075194928909325,2.213378385532889,2.2070278851177485,2.192164211254892,2.2076996713345256,2.200993658411585,2.226210437532883,2.205606814650851,2.2030785871843985,2.1959321943723813,2.195657244534189,2.19903911507895,2.217198112950681,2.18259129351351,2.2070978375015216,2.201188417196988,2.213716453875895,2.198451454446203,2.229850202306638,2.2168620301242172,2.220807344691787,2.228840931606223,2.2214847529822292,2.2382584902559457,2.2308640751653734,2.2227865148819816,2.2379360744911794,2.249641748956689,2.222724814611777,2.278428723826074,2.2469669492542894,2.2590441136993435,2.274342722261314,2.284829716129738,2.3014323175597777,2.2910396510993856,2.3042719602774966,2.2818387264813724,2.3234152447174647,2.336691831516442,2.330304549766655,2.3565376906891182,2.328161150876862,2.3446002445391576,2.358296762467108,2.368127919530643,2.4056852670377293,2.4001014037430406,2.406673473713317,2.4224731559506902,2.4548729489350674,2.4436857417635554,2.473088096777156,2.498229281208071,2.5055813181319047,2.5171601451442807,2.5315401450974186,2.538257028829967,2.557410781998029,2.6003996404906333,2.5993031268514373,2.5853892231968567,2.6420749749751398,2.6413500260787424,2.6777677950356855,2.674213292772085,2.704577058329276,2.7019949011886175,2.7434753857674905,2.768536664117237,2.760609457316315,2.779254622231864,2.8203183882763545,2.856296625680538,2.8675983491782904,2.884003426124749,2.902244846540194,2.8955329383389743,2.951414370618472,2.981767033296397,2.9895806046613718,3.0276297153900495,3.04159608168822,3.0793812938502634,3.1299749136298813,3.1019489054083302,3.16577675693157,3.2029223706701755,3.229391872833389,3.233237603312761,3.2655598859860766,3.282743211541547,3.3229362315412057,3.3547550623465288,3.353051626833892,3.4159459332493305,3.468307524504673,3.4776953495371554,3.5074387104825604,3.53530575100581,3.556499306434987,3.5989184717684672,3.6195021330754598,3.657326791277092,3.6998193063205522,3.726556212930599,3.742993800762547,3.7902022185603896,3.812414205092888,3.840942836998157,3.8667241928733436,3.9189109743685857,3.9487225822726915,4.013511581081599,4.012290519659655,4.038148235035874,4.095323732430557,4.14690734376009
8.3,-0.07187573748703471,2.0,4.261724127792893,4.269487997599188,4.301960193558313,4.3591193482587,4.402314061461616,4.4206146247727025,4.480142309906112,4.497351119609507,4.514869116321685,4.58133389015406,4.6080711150691664,4.646282304198965,4.680579969514295,4.719815995718476,4.727646003979678,4.769914648050557,4.795722768936901,4.860990530204551,4.889836392264647,4.895044580314042,4.955982455440854,4.975349615865063,5.017732912389006,5.052197756314023,5.07477487857535,5.108000770889584,5.133630632711219,5.160850244199233,5.208024763662923,5.215151431418918,5.26230908254462,5.295852061130231,5.296615234038367,5.323602036730796,5.363821924542185,5.402059636492778,5.40164525279737,5.44835686681202,5.473623566596391,5.48878381389902,5.496693453141849,5.530255216227141,5.546125370085268,5.600632889164563,1.5859911215779436,1.4527515575521515,1.4055857841226076,1.3631842451032345,1.319610090785757,1.2564403894103457,1.2680738642401959,1.2260257584707175,1.1988511096562138,1.1711321753650217,1.1634061096175836,1.1475700711489039,1.1303561152020412,1.1303076883152428,1.1296588085867785,1.1097620725167914,1.1006218230640774,1.0966060632860457,1.0731555457086106,1.0724705414402909,1.08695714243042,1.0719535824331312,1.090404695523988,1.0713253752468908,1.0661373938775507,1.061531169417445,1.0585712666819198,1.0777777348228754,1.041022570504493,1.0626457180378932,1.0598076717200093,1.0667324304897006,1.0860134686100018,1.0855088151823866,0.3612190542400064,0.36011262095214824,0.35912204402277825,0.3582457684050101,0.35748242700752403,0.35683083543267996,0.35628998745369383,0.3558590511984558,0.3555373660128774,0.35532443998164764,0.3552199480890263,0.35522373100684534,0.3553357945012964,0.35555630945438865,0.3558856125002266,0.35632420728052144,0.35687276632806253,0.3575321335912901,0.3583033276176673,0.3591875454183094,0.36018616704134493,0.36130076088681295,0.36253308980161514,0.3638851179992045,0.36535901885539634,0.3669571836390038,0.3686822312440497,0.37053701899918645,0.37252465463980444,0.3746485095392747,0.37691223330801876,0.3793197698828259,0.38187537524427445,0.38458363691751873,0.3874494954313719,0.3904782679329249,0.39367567418028293,0.39704786516487145,0.40060145464773833,0.4043435539320138,0.4082818102370016,0.4124244490891807,0.41678032120283465,0.42135895438941023,0.4261706111116379,0.43122635238782864,0.43653810885587324,0.44211875992808797,0.4479822221105008,0.45414354772751236,0.4606190354900303,0.46742635457820614,0.4745846841861846,0.4821148708049532,0.49003960591170853,0.4983836272041628,0.5071739470833685,0.516440112770838,0.5262145032725655,0.5365326694088988,0.5474337243594657,0.5589607936832566,0.5711615356385532,0.5840887449400569,0.5978010559742917,0.6123637651102242,5.897961698027724,6.447230483875557,7.269473397302527,8.376348906305969,9.584470711090292,11.561656307061421,13.965588113281989,20.16436885415619,20.09226059496976,19.919689899090447,19.783122550128883,19.59847213319902,19.346913310127814,19.113354194929236,18.759067528898996,18.420976831650744,17.908858836892925,17.276553197418323,15.786026344766833,14.150602624541577,12.612457949043606,11.362004181261803,10.497967835670792,9.645639864952763,9.023493995303866,8.372164805148488,7.895399033747175,7.410417745721678,7.043408290628864,6.67696440196728,6.287138721152518,6.058676085025857,5.7731947714134,5.545767221630269,5.2939159029145735,5.12370671102034,4.914532105097594,4.780118515790697,4.577008113673834,4.431057851031348,4.33142116751892,4.16808127115863,4.080206660350075,3.9539224345513793,3.8423834246520117,3.740790720030226,3.690302854005967,3.5747431503970013,3.5212095066574918,3.4202697657840297,3.357016708947911,3.273894217930819,3.2122724056585907,3.160212551301529,3.1113135535835523,3.04114509315012,3.0073884663256956,2.931706917013484,2.8938777678861265,2.8466523907732895,2.806386808868896,2.7498430605303814,2.7488197128584266,2.6852708514690553,2.6645274074566543,2.6284136275333316,2.5928936237004514,2.5755998933227375,2.540999257729487,2.4927915480169665,2.493456535657114,2.4529987526968515,2.445047706152028,2.4185682287475374,2.4055951332647134,2.380153663418191,2.347614709977092,2.3395926495129467,2.3299900382688428,2.2912534807966614,2.2784948222352965,2.2834972952189645,2.2592043907057855,2.2532519881627278,2.247738063624775,2.21424352980572,2.2284003195635917,2.203771628481601,2.1944782178225055,2.18414467020168,2.181468925659576,2.1863761260989607,2.160332724722724,2.139857574683151,2.163552122666132,2.148817470940153,2.151281901452701,2.155698857076566,2.143106384985538,2.136077492038749,2.1592833424226012,2.136312537644055,2.1504959257450933,2.1276696836973765,2.1481887863708695,2.1467779505897884,2.139535446536999,2.146232437255744,2.141156601337365,2.126383362765848,2.1384412801496766,2.151682030026663,2.1306184623351103,2.145466383770116,2.136904410852735,2.155667013743725,2.1397963350222438,2.148052090645525,2.1582706456335314,2.1734807716799813,2.1964995503743387,2.194997136207857,2.167336801536558,2.2212863425945337,2.203607659381285,2.1963647271980604,2.2129304349430736,2.2058141341802586,2.2125888230304587,2.256622085965769,2.2371488239957555,2.273169364367364,2.2346105080173153,2.2475476230254747,2.2667955775936988,2.2777176119300937,2.2942529882957987,2.289261099196248,2.322126933833191,2.324196921646053,2.3321945244706748,2.34730634218057,2.3529870113057716,2.351175595147561,2.3652399460228337,2.378023429360153,2.392757716171148,2.417967782472004,2.41645684715633,2.422777625259709,2.4659874771212014,2.4741674030408864,2.519495856390732,2.4989710789881245,2.5240464845701855,2.550689192968321,2.5428374348095786,2.549681877975761,2.5708035564075336,2.601070457320469,2.617735893403213,2.6383886098779543,2.646873632388351,2.681648162994413,2.709247347518784,2.7298194686162303,2.738515106788398,2.747864467153382,2.8004180408064054,2.8032253762477173,2.851240518913014,2.8672499198255297,2.8630030836939224,30.008395379203602,2.916741010188884,2.9429283267129107,2.9791822413126137,2.9961135284429554,3.0478859202543993,3.0538103784203465,3.076134170758056,3.100416764703908,3.1349486246725387,3.1541060137576635,3.1683636980080023,3.204501743416665,3.254159925673426,3.288482803931492,3.3041708500127527,3.320861751690343,3.382072589312007,3.3942813561973932,3.435573665454818,3.4374826599542185,3.4837123891305897,3.5026485111753902,3.552836206873517,3.5757979448749206,3.58980997098383,3.67495173266205,3.714078040305434,3.7463285724083617,3.7719097091938183,3.804683502333117,3.8373879730661047,3.853405615651765,3.8822016072268886,3.9197842015013538,3.968930885782558,3.981728906339518,4.029519180948593,4.070309076029356,4.119974218195702,4.15352077712695,4.17189461208762,4.214178945124849
8.4,-0.09258189997035625,2.0,4.38249010038718,4.440246080932881,4.466702228169835,4.5242313281114965,4.537416239331056,4.596464651690817,4.6053271180422115,4.6775576498349105,4.678643919782204,4.716175297800489,4.771764892320425,4.798606762160163,4.850537331177619,4.902942139213722,4.896552142344487,4.968223475269824,4.974510135753463,5.013356135581838,5.054162805948418,5.094733984437122,5.103397899263524,5.122355601622542,5.16780907395572,5.211337156541343,5.24480846421002,5.290776909010213,5.281427052873773,5.314019078031098,5.3763185786761225,5.405760736484494,5.428771645015438,30.01249841159262,5.462212999864097,5.483321549011991,5.527640639083435,5.551312936469118,5.579601051384952,5.592903196453837,5.622712082613284,5.654931748726883,5.646830001800095,1.5796630279676962,1.5248454053814091,1.4559725252430862,1.375773695904757,1.3800265078397018,1.3344357992111886,1.3305535973338138,1.2972246614691942,1.260873144055457,1.2610517935444754,1.232821556354629,1.2191435428938644,1.1962386114901806,1.2162902421576325,1.1771712882177447,1.1826474720634192,1.1608534277207834,1.1502455830338572,1.1390559111900527,1.135843569024818,1.1467231432734353,1.1335034459606461,1.140407820624502,1.112746456222883,1.1464166739812867,1.1427834568558153,1.1469344469183502,0.3807785633991355,0.37836660758944757,0.37609890040756994,0.37397149304786936,0.3719807316076718,0.37012324098997074,0.3683959102976584,0.36679587959689613,0.3653205279409671,0.36396746255820395,0.3627345091185447,0.36161970300312174,0.3606212815101769,0.3597376769386401,0.3589675104980392,0.35830958700011334,0.3577628902936742,0.35732657940998175,0.3569999853912385,0.3567826087798354,0.3566741177507504,0.35667434687407107,0.3567832964990433,0.35700113275537065,0.357328188171775,0.357764962916108,0.3583121266656346,0.35897052112053246,0.35974116317822674,0.3606252487909494,0.3616241575339388,0.3627394579170366,0.36397291347816413,0.36532648970333087,0.36680236182453885,0.36840292355427584,0.3701307968233419,0.37198884259764337,0.3739801728594431,0.3761081638495252,0.3783764706789857,0.3807890434330917,0.38335014490509156,0.38606437011525985,0.3889366677901404,0.39197236399924945,0.39517718817183844,0.3985573017451898,0.40211932972886966,0.4058703955070908,0.40981815924462844,0.4139708603115063,0.4183373641990775,0.4229272144664552,0.4277506903331245,0.432818870622864,0.4381437048681158,0.44373809250544066,0.449615971234961,0.4557924157838492,0.46228374851079557,0.46910766352108985,0.47628336623780676,0.4838317307026946,0.49177547727201737,0.50013937384169,0.5089504643000624,0.5182383285874397,0.5280353795663341,0.5383772029103641,0.549302947446759,0.5608557748942139,4.181218109909857,4.433685113572028,4.782343664641163,5.100043571559706,5.582751616248025,6.1432017481738725,6.695771895534807,7.543614876833537,8.412056215949576,9.75400241765793,11.307771628488204,13.922431501965953,20.027656705003974,19.913594237598623,19.765440913735414,19.637074386193824,19.437221056991273,19.23786144942062,18.9750771244033,18.692095225842245,18.28554640381885,17.881751807846815,17.227574198059056,15.895552330734429,14.195296037670579,12.57588321611528,11.50880914498979,10.42755404644942,9.650802915129796,8.902130742610193,8.338041190922215,7.780446018088326,7.293555125384407,6.907031413967353,6.515174486633608,6.217962672925168,5.89750809120405,5.66092932899913,5.407186120837359,5.220655803982007,4.994297720231123,4.806598247103833,4.6367831266906485,4.477901655927513,4.3373725206177305,4.204446679581158,4.086975047933217,3.9637881750988018,3.8725004503214753,3.7422964178745852,3.6319696307953433,3.5617879362517373,3.485248550968912,3.41195800129651,3.3388164498783333,3.267503999374003,3.1767609911947754,3.147246323843844,3.053764414270647,2.990527325440794,2.97704752806571,2.903676588412542,2.878136398282077,2.7932375958250812,2.76669103349938,2.7273976216227225,2.6846081060633504,2.649429977433278,2.5964729224254652,2.5809006087825126,2.5480373254529387,2.4898868542484243,2.480316370535453,2.448486543686555,2.40890091394767,2.3965304011787145,2.381549405883248,2.332993306033728,2.3370339271630014,2.2846554901807257,2.295909193914118,2.2841589267819287,2.2669550519282606,2.2387165819481663,2.217599241029621,2.1644682827166286,2.2150959546164763,2.1916625768817437,2.1457554843864846,2.1558683590850563,2.1260797826786635,2.1269044273274433,2.1179987572124914,2.1050597386946053,2.1186640698188746,2.09506683644564,2.104226370596978,2.080599097105401,2.0651073518558833,2.0746752779117337,2.0852509967027726,2.078910331652725,2.040747874163033,2.0484500916788155,2.0621499961462706,2.0713258206646503,2.065265418161023,2.051126802104866,2.0612292332860815,2.0756918794852277,2.0936364209804457,2.0679028554529886,2.0930239604489276,2.0730646063244227,2.0763277914815714,2.081765267599998,2.0726290572942334,2.0953551815223403,2.0863097935209063,2.1027418473824815,2.0675979283904047,2.11980726561869,2.106924617502641,2.1239784845489225,2.1080725906903344,2.1381956275242042,2.1508856262154783,2.1215849895926744,2.14382849227116,2.1566180990170474,2.1631767287808015,2.1588319905737072,2.1768725830700224,2.180792895132959,2.1862000450060366,2.2138046294853315,2.2239608130461073,2.244328069985359,2.2156818213487806,2.2462047368654288,2.26702971559416,2.2720410553098245,2.2679481469134375,2.2831163886605084,2.2737232829428176,2.313406122257828,2.3210998003205026,2.359281799072572,2.3693703466060607,2.3678049452774856,2.3956040141601265,2.382725011071864,2.3973776463332723,2.4387053214766325,2.4362359115612966,2.457611132446984,2.4812834731379056,2.509988254329258,2.5424157367599842,2.532858077357129,2.561792665273172,2.5525297159660143,2.5861880002482542,2.5938649592910394,2.652392899378488,2.6651283978653195,2.686878685615096,2.687103661916873,2.7377107282204207,2.7372750946342332,2.7567572888127123,2.802050477856551,2.802380253944731,2.8477268313729067,2.837213229861958,2.8927860484556884,2.9133808926363782,2.94969571903265,2.9933943166972625,3.0032928918106525,3.0325796696315295,3.06687636834281,3.076733482532239,3.1158924408213275,3.1463180576679606,3.1760902243003626,3.2061712808192175,3.222439326438127,3.2627544278476535,3.2953429079786085,3.3170472269154674,3.356204190180521,3.392509681082762,3.422096344076315,3.4552713483103226,3.477952501276857,3.528342458478813,3.5763784758768415,3.5891265720187353,3.639992960298024,3.6714496194907,3.6894883334651647,3.7321947344473503,3.780260266106755,3.8082735977565965,3.8550688614833506,3.882978021992858,3.918844373723794,3.9272260264875096,3.98419400605233,4.020267855145599,4.04457973608568,4.1101666908725525,4.1293444874393925,4.1765406396744735,4.197201979624018,4.2726595707392105,4.28461956439089,4.342760776888902,4.3678917372454755
8.5,-0.09180918942786531,2.0,4.545970297101879,4.567419871972929,4.593253504043075,4.629329560460937,4.664248638559496,4.6898041657859,4.747803307588772,4.779331319140993,4.815820794392485,4.876271586681689,4.880823886228841,4.938036125227421,4.9696010506708275,4.998789204707256,5.032893509421006,5.096436773197219,5.131194323809057,5.118575493434457,5.180879381928552,5.218495979469274,5.252758957148657,5.25504330488054,5.323527775683073,5.342947613008917,5.366524292753896,5.423679435147325,5.422555043767219,5.4742510798419275,5.497047922251228,5.532874307092914,5.554829526368477,5.587008282344633,5.615455198636183,5.621529659217547,5.681555716620466,5.699877919213656,5.713720264298884,5.739460717570931,5.735116999156167,1.700292354597292,1.6192867564442515,1.533339563639957,1.4804449704571632,1.4598696862727811,1.4111994428968437,1.3846849646409722,1.363069609520471,1.3479658914461612,1.3121689051952732,1.3252362580325514,1.3048510127355801,1.2871969430792698,1.2622705298639665,1.2690429196953064,1.2160516230853538,1.2461844309749424,1.2478869636390373,1.2213290857326022,1.2234326870655494,1.226887397570728,0.4104395500869637,0.4064960850234165,0.4027492351472901,0.3991913592673087,0.3958153515631576,0.3926146033384853,0.3895829683605038,0.38671473142290413,0.38400457981180075,0.3814475773919009,0.37903914106284464,0.3767750193643495,0.3746512730339794,0.37266425734352965,0.3708106060595798,0.3690872168910793,0.36749123830217906,0.36602005758219014,0.3646712900767365,0.36344276949509097,0.3623325392184906,0.361338844543079,0.36046012579914527,0.359695012295632,0.35904231704556755,0.358501032234239,0.35807032539762845,0.3577495362839651,0.35753817437626884,0.35743591705852373,0.35744260841269515,0.3575582586382292,0.35778304409000844,0.3581173079350275,0.35856156143234313,0.35911648584519795,0.35978293499865716,0.36056193850069346,0.3614547056494476,0.36246263005444745,0.3635872950049434,0.3648304796242751,0.36619416585540393,0.367680546329502,0.36929203317687204,0.3710312678475928,0.3729011320182403,0.3749047596709793,0.3770455504423797,0.37932718435167395,0.38175363803203205,0.3843292026040045,0.38705850334785663,0.3899465213513798,0.39299861733228014,0.39622055785983973,0.3996185442296924,0.40319924427885817,0.4069698274662876,0.4109380035879079,0.41511206554546776,0.4195009366464991,0.4241142229797628,0.42896227148827243,0.4340562344522824,0.4394081411998225,0.4450309779852432,0.450938777120185,0.4571467166104933,0.46367123175187375,0.47053014037260826,0.4777427836909353,0.48533018508696274,0.4933152294856337,0.5017228665225018,0.5105803412355601,3.2334460611114992,3.3895663796042292,3.5617934524194066,3.7224672051895245,3.935070491345022,4.135131959702306,4.422835523085165,4.681329263012643,5.049022300768181,5.383597994227034,5.858780766863543,6.35261916074646,7.024649621256287,7.862938246021853,8.743651065827743,10.15783885490364,11.701657301977553,14.283316594284784,19.82427315004791,19.701572093773613,19.60041874354489,19.469701471622948,19.250635384102985,19.04613576381197,18.75871308794627,18.454504171248615,18.101269521978953,17.684196239334344,17.031424246005383,16.080641966081572,14.002914793640064,12.357244188034961,11.272554227776759,10.19660311376218,9.446162301152633,8.659692978805575,8.161633924145443,7.581977845053454,7.160194112753845,6.728361798298269,6.346242830977899,6.027849980028017,5.723998703320021,5.49981422092884,5.245647119072576,5.070516756938148,4.841187885028434,4.682281072083301,4.496946223846441,4.3474143717900295,4.2077324006716506,4.060046046265462,3.9548964733500522,3.8414308492422236,3.7252126499387814,3.6180597167990904,3.5137111563489407,3.4458454446394757,3.3585433369954383,3.261085179481928,3.1797793112272825,3.1583224675163466,3.0815774489873426,3.0313369043277487,2.9525341184145546,2.9206169304747585,2.861022401900685,2.806390964563638,2.7507450209863045,2.700797948179123,2.6537354982749495,2.608132802536464,2.5875560162600997,2.5583035553157747,2.519392510473178,2.4657563499466555,2.445680082078087,2.4062683214430582,2.393728093173234,2.338023296664728,2.3539197592842713,2.3326557416774816,2.299129265475151,2.2730772096727296,2.2366023224146776,2.218404285587524,2.1993533011755106,2.164528118853227,2.173912393608467,2.147063085546817,2.1469501233722115,2.1066563215490413,2.133853219991364,2.1180575787719462,2.073017037193642,2.0678105129033404,2.0628346444404286,2.0782525728260706,2.0311669646021104,2.041425034476554,2.03040942155485,2.015919251508513,2.0062790544966966,2.007071711513223,2.005030032155962,1.992491951364802,1.9982945435917883,1.9899159265214128,2.0089195442900674,1.9956063211610438,2.010956054072633,1.9836532741618838,1.9724622353135204,1.983299436607906,1.988653078244865,2.0239272580415113,1.9821932785232754,1.9806116668367888,1.9974721718196327,1.986669336098243,2.010713840878877,2.0258062428608596,2.031395967569202,2.015039534216641,2.0275919646060467,2.0395169596212086,2.0645264289725445,2.0528900339245135,2.0618034696639667,2.054116190692155,2.078691484057697,2.0953203575515222,2.0811134261855915,2.097414653818819,2.1019808426345667,2.119911301098599,2.116742880528675,2.1279842990441704,2.156719345611117,2.1539541738912367,2.161476981726012,2.180759174246311,2.1909763522851797,2.1965241505218898,2.1920406641632337,2.236998099356721,2.241838705059625,2.2417920775644142,2.2704946344876946,2.2891322131464094,2.316982477552481,2.315284662964781,2.3093315268405337,2.322192486534858,2.3527743876730183,2.374336453740364,2.3820954656690283,2.391365123802507,2.41309038577912,2.407964557039154,2.4447142061892695,2.5016042437668875,2.5049210285554695,2.5221999759340195,2.546731586544937,2.551140852895778,2.5820976585577795,2.604829356136178,2.6282918057882374,2.658950885867576,2.6813871420744224,2.6944380631316336,2.721434601098992,2.7338438778938725,2.7762113223992313,2.8202864543279036,2.8179089828179404,2.8476763569076162,2.8676403266265,2.9070356262313792,2.9410585134054967,2.9534337643087216,2.971144776921713,3.0001341497301723,3.036506452499119,3.0606920877659176,3.0909188405533112,3.119641436810149,3.1892830271906814,30.006782456276778,3.2339064366309613,3.2728015122795098,3.316022670838032,3.304943666229609,3.379649766208673,3.3893494853990163,3.4238480819730146,3.466233470119973,3.4957159422468833,3.531204960558452,3.593355754840268,3.6229806158420272,3.6525806514558417,3.676246730587114,3.707138537647678,3.770898687491574,3.8039346586835348,3.8323768040503263,3.869974790160328,3.938591835805888,3.9632215697406394,4.003026349202871,4.046602188155007,4.099432877876319,4.122229662458685,4.166784165578432,4.188815042984882,4.257289280966323,4.30295190074042,4.327206045358994,4.365918486949533,4.388424586760253,4.437014229041646,4.4648935200676325
8.6,0.05565603537825407,2.0,4.621026319325264,4.659556154640737,4.715356459021113,4.7603569045270415,4.794873697959857,4.82796826553906,4.856804421839538,4.914887932143682,4.958216247142179,5.003118494126103,5.035515539399553,5.061990014962249,5.118954103658007,5.144951224750238,5.171784026752652,5.215567840378917,5.26570681564157,5.279911547997529,5.312047387091822,5.372427786908499,5.380234755486662,5.437657171339743,5.46950888483688,5.502191119668501,5.533415667000499,5.548244712348394,5.5846672341584975,5.616598334909512,5.647591319658627,5.667919061754019,5.719678242920854,5.715296079848203,5.762667698056522,5.7799812537041975,5.817106517099757,5.810462931175993,5.836192809260531,1.8878055895428871,1.7531173941624834,1.6873391906575117,1.5942072506171894,1.5985142098654304,1.5564693384788715,1.4837858809791817,1.477196013531048,1.41483813280528,1.4287747506424027,1.3780335692350114,1.379122615407413,1.367331550757843,1.354659508675976,1.3594696561600952,1.333703359011376,0.44737588764496816,0.441574260671174,0.43605235432214984,0.43079649841375806,0.425794038397397,0.4210332493208972,0.4165032586824377,0.41219397714041256,0.4080960361792317,0.40420073194812123,0.40049997459029024,0.39698624246600545,0.39365254074732825,0.39049236392635406,0.3874996618342759,0.38466880881673815,0.3819945757528296,0.37947210464159165,0.3770968855118414,0.37486473543908877,0.3727717794778954,0.37081443333966646,0.3689893876649609,0.3672935937563198,0.36572425065261027,0.36427879343924713,0.36295488270057225,0.36175039503136563,0.36066341453406103,0.3596922252369213,0.35883530437628797,0.3580913164931922,0.3574591083011797,0.3569377042882589,0.356526303021501,0.35622427412807595,0.35603115593146234,0.35594665372628476,0.35597063867975154,0.3561031473520674,0.3563443818324898,0.356694710491976,0.3571546693576407,0.3577249641185863,0.3584064727771075,0.35920024896388003,0.3601075259405495,0.3611297213182226,0.3622684425257649,0.36352549306761994,0.36490287961712875,0.36640281999815655,0.3680277521152965,0.36978034390112524,0.3716635043580621,0.37368039578244283,0.37583444726963494,0.3781293696115555,0.3805691717120054,0.3831581786610544,0.3859010516275398,0.3888028097489291,0.3918688542206717,0.39510499481318545,0.3985174790742713,0.40211302450862607,0.4058988540649113,0.40988273530537367,0.41407302368425564,0.4184787104203478,0.42310947551740063,0.42797574656536624,0.4330887640475691,0.4384606539862745,0.4441045088846042,0.45003447806980224,0.4562658687157077,0.4628152590260485,0.46970062530114787,2.718143359051696,2.7970662154992336,2.919971616767829,3.0174238987177597,3.128093578127175,3.2670934410263284,3.3990649857395696,3.537823659851172,3.7376486876060384,3.929506072543428,4.1168457764668,4.387850931253217,4.62805061387107,4.950263353292279,5.263367871303981,5.693050114309176,6.098726610732104,6.70163030483247,7.414717437388628,8.170396633412901,9.285845578194236,10.470236759190943,12.357527633821688,14.552078254568283,19.622437821738586,19.531425910762103,19.392859683734137,19.23176744429102,19.056261867233598,18.81864024038556,18.6009153536745,18.268722964183073,17.909140905533878,17.38612880827291,16.850279732005312,15.543496220981428,13.46425123319683,12.14669009211601,10.865854258872359,9.995299740089399,9.12960513837741,8.50686704413594,7.869840567381866,7.418812641925327,6.902445387940418,6.480716864383664,6.184295125702149,5.83642826434822,5.57217896222122,5.326924763835585,5.100402514373011,4.880987948750146,4.719578502900298,4.521089203801833,4.347257166188392,4.179264887212753,4.053914187036391,3.9321639402941324,3.8042124965994413,3.7211471449976004,3.597866672256823,3.5115378504688506,3.429531712160425,3.3245412648659647,3.2490096466700824,3.1856683799181367,3.1263858779903955,3.047239206162204,2.9847322019400964,2.9186893089448422,2.8612444108275317,2.7976592162887415,2.757028981469325,2.7062438914387847,2.6729988779909872,2.6042065652073556,2.5994072478249297,2.5222368984037997,2.5060088244468965,2.4603485470501094,2.4322208201342668,2.4042032055026574,2.364601242980564,2.3513797294412995,2.3374189728381887,2.271095109888355,2.2607460363211915,2.231696069993855,2.207260750216775,2.216323965709575,2.194400831052013,2.1692696774815285,2.1432827432555346,2.133905808092357,2.0991853084496976,2.0829868081173446,2.06101236527268,2.0672251676010176,2.033500798067409,2.022128263436026,2.0049033353941828,2.011124623357207,1.9986020918359306,1.9614208734686647,1.9741632350638842,1.9751525891953763,1.9557955541151562,1.953506331158008,1.9350315349233822,1.9403773988070225,1.936693761289987,1.935571805591163,1.9404783862842776,1.9246981216499537,1.9339089509635583,1.9209595244278925,1.9424646349442956,1.9225653005376298,1.9224103006241282,1.9422213505503056,1.911096235796249,1.924435340196526,1.9168501533608924,1.9139448081241317,1.9414162466650626,1.9542879680436211,1.9509761373407475,1.9267090518007448,1.9652231967551708,1.9536691280616305,1.964188191059043,1.9803157295365326,1.9720862289546375,1.9796771562667113,1.9833525938842598,1.9997041868579513,2.0255305948448767,2.032528040024894,2.067669950873998,2.0236673135274494,2.0269568346301687,2.0563039688345657,2.0658018160478933,2.083300277443384,2.0891664280266524,2.114634876494084,2.1275056178009235,2.131054437474435,2.159032334874573,2.1584163996471486,2.1833630820817937,2.203067897801067,2.2162590510280915,2.2275580529803474,2.223020699022703,2.2503194907702246,2.282881874779119,2.2954647622035096,2.2939829341575475,2.323588792909614,2.35344509576157,2.371942380559545,2.4007752908972297,2.3968425450518125,2.435032878146759,2.4168824263771524,2.47248956434393,2.4872578289482985,2.5195670369662753,2.5214677367549845,2.5534785771549116,2.5970653567989914,2.6028051597039075,2.6259124040198616,2.645768947615387,2.6932000523364983,2.697992186860421,2.7025638649283175,2.7704752117003264,2.7972838895777485,2.824172280965514,2.8527484862784984,2.8865892609300663,2.9120383223054267,2.922397493567496,2.9686559574947315,2.98626328530634,3.035510218818312,3.0639805598026073,3.110111669495136,3.1359327300209223,3.1697770314956037,3.1772361270280247,3.2268816841156984,3.2580245871452798,3.2817478440865115,3.327555776172972,3.3687622849176355,3.4025820396987965,3.441184084776361,3.4945610063807893,3.5138354900833058,3.5658646954403332,3.5941207020312507,3.6348684204194117,3.6632022820994385,3.70628786480721,3.781206370590362,3.8019208763818924,3.8566071490195237,3.890147775847964,3.930463657906949,3.955073957213524,4.007418368080727,4.027918407624401,4.091990443647412,4.128497213047441,4.157334102255798,4.224105030078555,4.246683100075408,4.310563192945462,4.34147315738063,4.3823009499855825,4.433351892969804,4.470785628405867,4.534252926842944,4.546325387491491,4.593324799192983
8.7,-0.1877287024827211,2.0,4.864009169681472,4.929763145222308,4.9386428000575044,4.9820103009634265,5.029485542306649,5.090789696935594,5.11982714938745,5.196274955753047,5.196283376914371,5.250939792717952,5.287779038696543,5.313700947922188,5.361561032072948,5.40397306753209,5.423075514603793,5.467784367364236,5.522465942750132,5.526982716460764,5.545742871786746,5.599514188837401,5.619616201353875,5.661124940157265,5.705807134183492,5.7407311503950025,5.753798116908303,5.799072194035062,5.817104567391998,5.86462204184734,5.86424530855715,29.984118812630253,5.91657329759325,5.942185462149512,5.976810664418426,1.973978546015496,1.863710183313095,1.7669096020725337,1.723247523869353,1.6710290833207901,1.6150116901575697,1.574727168557096,1.5476472447158953,1.520947758833261,1.5158640054004915,1.5093146440035954,1.4956209127815208,0.4955063459311097,0.4875643863485859,0.4800169627816058,0.472841532938018,0.4660173795174536,0.45952543538392177,0.45334812872191976,0.44746924557567636,0.441873807551694,0.4365479627838417,0.4314788885287183,0.42665470398560745,0.4220643921272569,0.41769772949068895,0.41354522301612323,0.4095980531407043,0.4058480224553761,0.402287509320542,0.3989094259113497,0.39570718022837775,0.39267464166570987,0.3898061097771665,0.3870962859239028,0.38454024752359034,0.3821334246537455,0.3798715787901193,0.37775078348595903,0.37576740681987436,0.3739180954594005,0.372199760204476,0.3706095628902596,0.3691449045422456,0.36780341468871935,0.36658294174642175,0.3654815444050284,0.364497483944836,0.363629217430022,0.36287539172710187,0.3622348383048704,0.36170656877824275,0.36128977116410976,0.36098380682264636,0.36078820806253065,0.3607026763933084,0.36072708141272625,0.3608614603212994,0.3611060180607529,0.3614611280772917,0.3619273337149993,0.3625053502490533,0.3631960675729559,0.3640005535586385,0.3649200581131748,0.36595601796099136,0.3671100621859373,0.3683840185734622,0.36977992079950545,0.3713000165196131,0.3729467764193644,0.37472290429550825,0.3766313482464033,0.37867531306055535,0.3808582739034088,0.38318399141525394,0.38565652834735437,0.3882802678794286,0.3910599337796959,0.39400061258914565,0.39710777803488473,0.40038731790377724,0.4038455636376475,0.40748932294564366,0.41132591576867517,0.415363213975975,0.4196096852257663,0.42407444148193624,0.4287672927478928,2.227222469424897,2.2681332547813406,2.3481074436215787,2.393433778711783,2.4678285164841602,2.5227519109615053,2.6031829326246227,2.6799597362149696,2.7477109444225887,2.8604726805204597,2.9479667386567026,3.063885598633692,3.1694154758306983,3.290146077781732,3.4425035418211016,3.567202605382924,3.7365361794704626,3.903974369675587,4.122040735225823,4.3021221030474175,4.564207873914543,4.904269070119374,5.165488595595569,5.519295393429419,5.923954911597272,6.459951577294692,6.957441598964557,7.688780936434307,8.44267962089388,9.561842206269466,11.009431363484566,12.666512549092197,15.387028991275109,19.4530961643852,19.336451987111957,19.211336524031925,19.032249012989865,18.866606301085465,18.619131422021503,18.32711978997298,18.04029323072208,17.648053733395123,17.196450313994987,16.513518080613768,15.354030092898054,13.304864245682266,11.972034633409057,10.664962036264917,9.639689954214276,8.926048182583765,8.197700187144799,7.667165367817411,7.119215300641365,6.72930460320486,6.310182307115072,6.0070705996980145,5.6651874257025225,5.375563044861558,5.175842559150221,4.921099241054221,4.730151159009099,4.554333529964213,4.375384816286592,4.199256317314347,4.095482190485386,3.9363182981583407,3.79524790894176,3.700503014797684,3.5943284294022164,3.4989786754197647,3.3972238894077322,3.312353542304372,3.2249021669581,3.1595231798030854,3.083206538826223,3.023552540323681,2.9336687195249755,2.866260749287997,2.8360209642504923,2.7764718332856475,2.7371472143661584,2.6491656531057197,2.622941469362058,2.5728784111834146,2.5359238554134627,2.4738046888314638,2.442084604154519,2.4114948406559944,2.3747270317286997,2.346482571309323,2.3160965297589624,2.264913754387531,2.266791152139173,2.2349661074737175,2.2124304042959357,2.1762691899506126,2.1561212605638267,2.148783465612218,2.1151795033369063,2.093931908047087,2.0742017268161774,2.071456530096508,2.0496096567382747,2.023277322182992,2.0031869543674765,1.9803474093632143,1.9798063207488454,1.9728507339028363,1.9644758407042728,1.9346429822756797,1.9329474882456312,1.9231830550264841,1.9172307812550846,1.9009587537153818,1.895350197431639,1.8989114302699588,1.89020148595873,1.8928849863253872,1.8732922422829956,1.8412540527036738,1.871245781542977,1.863315690451281,1.8608990574213182,1.8379116512580558,1.8494896517232786,1.8649166215035782,1.8765263734065774,1.860285121717474,1.8548220285894796,1.8584696809874925,1.8538155095121605,1.8637691537816397,1.8499208530767852,1.85071865581763,1.8592243916026678,1.8588881829353772,1.8993687007311022,1.8928596576779408,1.8761596405769163,1.9038288416031488,1.922477077502435,1.9077897711485836,1.913336822834431,1.9187431866122655,1.938950781010055,1.9408012465727926,1.9634579263946208,1.979820848238676,1.9664176954978294,1.9977896771263572,2.000316003259268,2.011359582791948,2.0363259282812973,2.037274447466349,2.074088245035887,2.0971761068015304,2.1126362601237996,2.11009504571519,2.0948738884023212,2.1403427747706756,2.1549305925342574,2.1561562667492553,2.186032794441994,2.219032563771815,2.227272824329622,2.2653477108192597,2.29543847393224,2.2785719677670766,2.3117307936841143,2.3233489655203283,2.3409253519057915,2.389355599295811,2.4000158899715305,2.4106355884844635,2.449821512163283,2.4672586324174435,2.4768054163463886,2.491633366060511,2.501481486606008,2.5673422918043607,2.5742944771016454,2.608170546499298,2.6426688324384884,2.6645769901320286,2.694632139791287,2.7362116074199125,2.771923614946319,2.789572313845606,2.8114162158576836,2.8490384880158777,2.887417043210894,2.9488529719234955,2.923212076241533,2.976078148509804,3.007498610067367,3.0640051633790333,3.1033492327420498,3.106238836874666,3.13374336685952,3.188921657482827,3.234748985674562,3.271582875917275,3.313160766794566,3.3334382564947718,3.3884725997530794,3.419110548137804,3.461960663759901,3.501250902121012,3.582738974299384,3.57077569551584,3.647543710853097,3.666198198307544,3.7468516131920375,3.724698880441796,3.8038099048586766,3.860738560163273,3.8561043900069296,3.932896719459341,4.003237708579158,4.035541177902126,4.068111043252459,4.113413017924055,4.1557703647536,4.200201767803542,4.230305186291207,4.291924133268828,4.331509121820366,4.400359615034215,4.439421428591841,4.475990554753598,4.50191284374233,4.554266041010594,4.610243214689395,4.671169664560552,4.677243481422878,4.740348019760964,4.773473255089099,4.839215588273125
8.8,-0.1152749757523352,2.0,5.054788481389182,5.072083759516614,5.138202509309032,5.191519957271598,5.217907767453797,5.255254407597699,5.303276470931271,5.35446461325685,5.3840778498997635,5.4481724347784075,5.484259450424714,5.5262013161376435,5.556845521890849,5.583406351852066,5.619790276091553,5.671503211546018,5.68458022544291,5.740324589915961,5.786603084499342,5.807705105138442,5.841230803521826,5.849109391470706,5.898288668529124,5.927009768731438,5.954007002726963,5.982955261875622,6.011623130002676,6.023917250516712,6.064676845186706,6.094519946063337,6.115351613444171,2.0180855619809797,1.9555568417929832,1.8785441368988318,1.7870050366590153,1.75388101319269,1.7292892062852292,1.6749451229443175,1.643775245271351,1.6418955805196431,0.5542463385693708,0.543914500743213,0.5341205911225959,0.5248302474321654,0.5160121187041975,0.5076375487777094,0.49968029915065815,0.4921163056064123,0.48492346392237906,0.4780814406999917,0.4715715059608389,0.4653763846571518,0.45948012466494925,0.4538679791799212,0.44852630173175434,0.44344245228184814,0.4386047130801858,0.43400221313600695,0.4296248603091423,0.425463280158799,0.421508760797775,0.4177532030955095,0.41418907565549606,0.4108093740634236,0.4076075839636896,0.4045776475750509,0.40171393330235977,0.3990112081415642,0.3964646126102918,0.3940696379670991,0.39182210550946683,0.38971814776437663,0.3877541914062474,0.3859269417555382,0.38423336872774855,0.38267069411714777,0.381236380112594,0.37992811895445766,0.3787438236521283,0.3776816196910217,0.37673983766654306,0.3759170067902343,0.37521184922043643,0.3746232751763341,0.37415037880030244,0.3737924347391122,0.37354889541986036,0.3734193890015151,0.3734037179877799,0.373501858491629,0.3737139601464152,0.37404034666293084,0.37448151703628546,0.37503814741098856,0.3757110936172358,0.3765013943961651,0.37741027533680876,0.37843915355269053,0.3795896431315567,0.38086356139766453,0.3822629360324412,0.3837900131062682,0.38544726608172136,0.38723740585691574,0.3891633919267786,0.39122844475024265,0.39343605942266036,0.3957900207653718,0.398294419958501,0.40095367285895595,0.40377254016352077,0.40675614959717654,1.9328429206069206,1.9499216862087516,1.9585971833309432,2.028993398250036,2.0432163563802916,2.1012532815161484,2.139494334455055,2.1789938513760116,2.2224984884422994,2.2850342227393323,2.339506093323163,2.3706564871797795,2.446012978115631,2.513421695550099,2.5838700413987965,2.6248976913935325,2.728358675532715,2.815199111103222,2.887186248880047,2.9765203596759116,3.059643925254781,3.1749184820613827,3.305593318520753,3.4310135930111154,3.559280324138031,3.6657945565502446,3.885758532693422,4.039631008835786,4.270077567284265,4.461437450219376,4.721966697371852,5.026513230208565,5.308550602421265,5.711510494273208,6.06588975957523,6.629748636663698,7.079330907511989,7.827290138333429,8.558926455917977,9.632059544694995,11.058677003665675,12.582817283002276,15.124515319723347,19.287784644512005,19.14218893408431,19.023715510829568,18.87771482407461,18.705138289127387,18.449292709457776,18.191301333735673,17.918165926024052,17.51608464938871,17.098489221384582,16.458390417155623,15.549460532000046,13.34353218451728,11.71080740513487,10.604537702466912,9.559167085113351,8.82339009354337,8.0884067830814,7.565422171477544,7.023172869316218,6.6293667341452425,6.208765038665449,5.812594461578585,5.549570138654851,5.260071326471001,5.045368785745745,4.801691600788285,4.619783169429244,4.434982742332148,4.25817512943148,4.124382044753171,3.918281684743735,3.833952692762478,3.702209512005286,3.603744180406567,3.478801585002094,3.364420402269573,3.2890135646985432,3.2205581482342494,3.108162008293356,3.038550278260026,2.977420091728074,2.8968412598596114,2.829899788154912,2.7844811491436783,2.7300702288458942,2.6847220239653207,2.631499594795174,2.584681394314721,2.5238362159520715,2.4758286053462264,2.452213930094574,2.3867087835676277,2.3636185016763247,2.3468353826943265,2.294467662724593,2.261397227545726,2.23678575115003,2.186602628342199,2.166718268572262,2.163749723994993,2.1407496269335895,2.1001455747572098,2.0772060652821303,2.0751528964805144,2.0535498018216267,1.990834978610827,2.007144412375388,1.9689810849835339,1.9743113425169274,1.9510895793375211,1.9260980334951807,1.9213806615974511,1.918780830074892,1.8954612034332798,1.8752836408624916,1.8758872139318625,1.8651978858055074,1.8669954817493493,1.8581752544495775,1.8159008446633271,1.81751459570503,1.837563836227189,1.813577040194841,1.8147933926821695,1.79181476977625,1.7999525143696018,1.8025822125905222,1.775715430626632,1.7892863131793122,1.763530663854695,1.7773458966709323,1.786123631005698,1.7657226206358574,1.7822213083978449,1.7783889367173464,1.7743864964260938,1.7725906709197081,1.781766591942411,1.7831102997226027,1.776580093992793,1.793709389571619,1.7896300809793417,1.8095440883397778,1.7791079146988857,1.8193049101726755,1.8294298150352193,1.8232457964811566,1.8232824811363766,1.8503814281851139,1.8481629243536215,1.8520280677251602,1.8557304883377272,1.8696696321560564,1.875598938350648,1.9162190243380741,1.9150062028713364,1.9215582434686662,1.9287706108978413,1.9608221105158055,1.9993089569978388,2.014446933907389,1.9983090149753897,2.002943941565224,2.0443035376040055,2.065633683799758,2.075684012654953,2.084210427067685,2.109027053824911,2.1348035333186193,2.161742042240321,2.169784284091104,2.2058390662586493,2.211966133431453,2.242262909161951,2.2592141756435735,2.298533789048457,2.3129077736894685,2.3469264880470444,2.3452085365102335,2.3890956195236304,2.43429323432309,2.4261650203654312,2.452991176404009,2.4955809406156617,2.5138363373720534,2.543822371933204,2.5588330664501773,2.5938798249671216,2.645851658696755,2.6628197182293882,2.6889690933996078,2.7292167542403867,2.733567109594522,2.815813991027457,2.833961464750624,2.881448720467728,2.892939180535883,2.959734017719629,2.977317048081953,3.0018137829381146,3.0831499817075696,3.0887859908163713,3.1245838524438505,3.1847520810315464,3.1974937558115175,3.235746938655881,3.2810426726485242,3.339255744900432,3.379031827026031,3.4380330213198302,3.457795911840365,3.520904227077486,3.572950095911712,3.6050109190954758,3.648057771402437,3.7095116496990617,3.7100766866344457,3.7869600206473764,3.8356858018127857,3.8583708099079725,3.9122705026145352,3.9610881715976003,4.016746500108794,4.076771909273108,4.129575437015868,4.131295199535592,4.192409159429073,4.2382103418031045,4.294039988169958,4.329698896041359,4.405478092655022,4.410871779186931,4.483560452053419,4.504042816625673,4.5788883601080475,4.658300176954103,4.658720292112122,4.731155816427581,4.798371525227944,4.808337723282613,4.872741828670383,4.917640840524006,4.9428388033210195,4.98629215712808
8.9,-0.10759275381128329,2.0,5.020862032685556,5.063304009433483,5.087384435396928,5.13152541243361,5.201898052822315,5.258530681794939,5.286628112008555,5.3256701463053675,5.3711737138269875,5.41159551235892,5.438824704862662,5.500862165443744,5.5545676722878135,5.590841839927557,5.620311243231957,5.668497648065335,5.711816729280625,5.74604472422953,5.774940269654956,5.815548881318843,5.855154267906793,5.909270720660461,5.923848489983753,5.931749354264596,5.9929332231669745,6.030083258854685,6.067710876622881,6.086714418935066,6.109698604835336,6.136441871162713,6.149579847072119,6.1963417242156416,6.211136778214676,2.1728422951998625,2.066948654740574,2.0060741126456385,1.9502801928827365,1.8888755826188097,1.8580795510028705,1.8258112418995849,0.6007976325586267,0.5876398497542111,0.5752175663906546,0.5634777574566624,0.5523725218873968,0.5418584845159906,0.5318962801175908,0.5224501067060378,0.5134873374889545,0.5049781827003709,0.4968953940015174,0.48921400534026344,0.4819111051424479,0.4749656355168217,0.4683582148232071,0.4620709805074005,0.45608744956753283,0.450392394401991,0.4449717321121756,0.4398124256053332,0.43490239507226686,0.43023043860917215,0.4257861609180122,0.4215599091605627,0.4175427151615096,0.41372624325899243,0.4101027431895093,0.4066650074703322,0.40340633280843,0.40032048512189905,0.3974016678093755,0.3946444929459499,0.392043955121642,0.38959540767131323,0.38729454107365335,0.3851373633221388,0.3831201820931134,0.381239588555778,0.37949244268626897,0.37787585996343254,0.376387199337648,0.3750240523763176,0.37378423350063844,0.37266577123815675,0.37166690042453465,0.3707860552960556,0.3700218634217787,0.36937314043100994,0.36883888549800686,0.368418277551613,0.36811067218294435,0.3679155992293543,0.367832761017766,0.3678620312551332,0.3680034545583201,0.3682572466201437,0.3686237950127265,0.3691036606337366,0.3696975798055733,0.37040646704215924,0.3712314185027601,0.3721737161572373,0.3732348326924033,0.37441643719474743,0.3757204016508224,0.37714880831307845,0.3787039579860082,1.7472457908727725,1.751944696174258,1.7938412884465038,1.8155864627142306,1.8385574908199809,1.828077472517343,1.8816329898169593,1.8979358205606494,1.9134821910702466,1.9633916080357205,1.9851319740876223,2.022146397823115,2.034338245812897,2.0820155088944343,2.1083217433684824,2.1586801152534694,2.2012394694038564,2.2426158210940446,2.287228472222897,2.342768634019828,2.38101657836079,2.4319953055218524,2.5102397712222624,2.5516084483637913,2.6330512633245924,2.690416488804599,2.7670258861758055,2.8519685014580176,2.9438198160735887,3.0457689815462965,3.1250696738990165,3.2508246371605716,3.349740545026029,3.4971632512101594,3.602967052545791,3.7772309287861634,3.91632686846788,4.099944344987348,4.319254658354867,4.548617259102817,4.777016772703774,5.030835568634479,5.387653597353935,5.6912169488456845,6.130895617630599,6.559715519806174,7.1496093678477,7.730399794281894,8.569484732572183,9.405645278436635,10.677987745856566,12.395006546509709,14.234976204529321,19.07797680967075,18.99940737564193,18.852270817658862,18.719271813706015,18.536209310111893,18.320158702712995,18.115956239089407,17.790936278926477,17.46127361848175,17.02393823748784,16.550121185211225,15.677282644362483,13.964214711195794,12.124724880051149,10.696948971645078,9.772332755467678,8.852137347792306,8.217081378881177,7.541896885925708,7.07315451152411,6.550464368012493,6.2228855369698035,5.826707079069476,5.522702361282452,5.241116056748845,4.969682949417412,4.782247506163867,4.554871790047838,4.390312859551697,4.192673390067273,4.075208427723648,3.902470635472879,3.7477501180008326,3.6525627038724062,3.515230478461374,3.4556683765653995,3.30353329204047,3.226972006232011,3.1544067237293456,3.0756078381494656,3.010706989004118,2.905015754618335,2.8554331443346874,2.754639780238314,2.735734035307711,2.661488908315565,2.609396321995082,2.550727512564017,2.517945946191228,2.473972730003505,2.4101180950071712,2.380432136292828,2.3592225675245477,2.3227501930516965,2.2608487683128478,2.238900831455965,2.240679726390715,2.1733094371150354,2.147412448661962,2.115546819769497,2.1168321629338203,2.0786000764665302,2.0668150395809035,2.0414442967076503,2.0244482823266963,1.982916499505478,2.0011153729659354,1.9457450875228652,1.9348449007787716,1.8980759497020039,1.9146205327298365,1.8693529917944918,1.8724229430128605,1.860030904168998,1.8549565888890602,1.8332267240797395,1.825050708779744,1.8232470811125434,1.798819187911793,1.7931532875132326,1.7908808134096779,1.780265446017795,1.789498767908442,1.7499550350254267,1.7563698818349969,1.7536669231822883,1.7436643712602147,1.7330201686260105,1.7461971234175453,1.7512286903042826,1.7446153444754318,1.7446367273467025,1.7267200168051853,1.723708576069609,1.7181318296647776,1.7271821533652578,1.7030539912891192,1.731802987125112,1.7218908928881307,1.74802033285946,1.7330865910864444,1.7351974454202006,1.739001990592245,1.7376263967085153,1.7393304267582068,1.7698176592435766,1.7601163229129966,1.7479178903930288,1.7915610301951508,1.782602120040858,1.7981066740861915,1.7935325914977245,1.8095305596254745,1.8060854482403974,1.8068861777552747,1.8392282789259946,1.873682138297512,1.8621023234275562,1.8991124968589066,1.907443929043844,1.8930717164816913,1.9327167923363544,1.9480043644549248,1.968644654269765,1.9785697386151007,1.9775446888025616,2.03354635089717,2.037393991273842,2.0505064827631996,2.0640248023701977,2.1056042036227427,2.1480885138225427,2.131833445159903,2.163865916525299,2.214450779089724,2.2414094029426193,2.236031116016027,2.2792469967816276,2.3460154881000586,2.3213286969205686,2.371712738438996,2.377774379421756,2.4148717200524596,2.426074544084931,2.488418035559381,2.5155347836795343,2.5445891482700453,2.586921210127455,2.624986726556381,2.6645625540337257,2.661258587673936,2.699801405331755,2.7292195979288647,2.772160831155134,2.815927245585367,2.849868492502158,2.9135655700209897,2.905269825726418,2.9944267034754724,3.0165317209159688,3.060684030601995,3.1066409844834966,3.123061674989238,3.1597991443743383,3.2141906104703235,3.286736582247692,3.310514088181963,3.368787901764911,3.4066901975089623,3.4498984655786815,3.5019565623766287,3.5490795310485956,3.6015301674308695,3.6446455660507997,3.6790300858850378,3.746109582238694,3.7977681215197627,3.840786637927475,3.9177992301898708,3.94233675577368,4.0153610538991655,4.055780738925581,4.105999895916633,4.146867547439466,4.211143822851743,4.249054636975386,4.289401196478942,4.341255702368068,4.407936530177493,4.45253617866373,4.4894481986371675,4.532556643146352,4.6174414504625885,4.63534621275524,4.694435788468609,4.759610704324985,4.813723371504158,4.8655364565683135,4.9171295535166335,4.952434876517916
9.0,-0.10973184058929428,2.0,5.137342775864556,5.196524483047892,5.265722530226034,5.327510730618795,5.356253648032358,5.39663027828858,5.453027376717809,5.499986950288182,5.524086311039191,5.58914958712068,5.646939996364425,5.664334190914952,5.727097601042433,5.769431790480936,5.802890550988163,5.825778107821084,5.897678289030184,5.955249930267789,6.005497042837266,6.002216916148159,6.0381053848045,6.090898061040877,6.1232891211689795,6.125959898205278,6.157692418522875,6.2170801909664295,6.233379256031274,6.281113767530426,6.288278238547222,6.324676465086732,6.3568402982655465,6.365196962105804,2.2629827140035004,2.1571987829851915,2.0781366805069124,2.0234998532787096,0.6564845293086526,0.6399401580212467,0.6243947638719791,0.6097681183703347,0.5959885103718907,0.5829916515055169,0.5707197464026352,0.5591206995009279,0.5481474355891304,0.537757315521208,0.5279116319154775,0.5185751723620382,0.5097158398383033,0.5013043217909224,0.49331380077023046,0.4857197006682348,0.4784994635658036,0.47163235298044914,0.46509927995552247,0.45888264897049397,0.45296622110084417,0.4473349922313282,0.4419750844411729,0.43687364894478,0.4320187791953023,0.42739943294807653,0.42300536224203195,0.41882705039451196,0.4148556552223446,0.4110829578025902,0.4075013161728661,0.4041036234456442,0.4008832698752808,0.3978341084722675,0.394950423807589,0.39222690369217716,0.38965861345319136,0.3872409725609801,0.38496973338873813,0.38284096191161704,0.38085102017384803,0.3789965503716818,0.37727446041700213,0.3756819108615983,0.37421630307556913,0.37287526858536646,0.3716566594877867,0.3705585398659278,0.3695791781419044,0.3687170403090794,0.3679707839938308,0.36733925330353295,0.3668214744235822,0.36641665193200595,0.36612416580554225,0.36594356909612863,0.3658745862615451,0.3659171121385859,0.3660712115516293,0.3663371195538913,1.6316336198982229,1.6367717238975021,1.6347072478411382,1.663029534022796,1.6654853861035486,1.6885473020260529,1.7131432634655965,1.7233691511192513,1.7267526191955265,1.7517154549905396,1.7734153016098677,1.7864867549919476,1.8083307004321267,1.8293091574246096,1.8482201337717332,1.8646809404633202,1.8726910818228255,1.920336266574878,1.9355082511667596,1.981811354442471,2.002874032554454,2.0253048059427234,2.0671811026190516,2.082068887125307,2.1336517792011196,2.156141629376007,2.1859392366232324,2.228108623370336,2.296138042101447,2.3103995160539053,2.3941706715705724,2.431661827469305,2.4769441490831574,2.5363040190963235,2.6058307072343836,2.6668443776056976,2.7206129486370156,2.8030593286099488,2.882500425275746,2.943495049043933,3.0658446102996484,3.156438758939658,3.2468516298900982,3.3572898539423877,3.498797878599578,3.608160295825309,3.7943034658356782,3.92478526163182,4.109412554938939,4.293765413933686,4.4846288384207975,4.728022263153779,4.960819696811002,5.2843827370211915,5.553604012661874,5.947015303611817,6.347282010199894,6.872306274884431,7.5050401157706474,8.11945169399846,9.005374816136229,9.9130975581538,11.291024795500446,12.786439912550296,18.966274386538494,18.860321950735717,18.75409787887607,18.622326437398318,18.485335594528806,18.270279541452442,18.085854626985792,17.83623445581982,17.53502213209457,17.167920161015424,16.79667339930958,16.193644223403965,15.072679244913447,13.214919756396288,11.53191894716861,10.395276961948245,9.328900826734644,8.593092699828485,7.852253355520176,7.314889885595465,6.776676936473483,6.286001810714209,5.9714821205106565,5.592275246354326,5.330621564832442,5.024948807538637,4.828913701737995,4.5915982781087195,4.415522569379232,4.209713844970484,4.053258765005048,3.914151410903828,3.767723930646981,3.6709457222395283,3.540325394966152,3.4383447222437726,3.2886750189047613,3.2298386408027397,3.1281502672107164,3.0442211444709075,2.9849368462903776,2.9011414099734796,2.8281159611997113,2.750127906207102,2.692026352008306,2.643015222917526,2.5827922127899043,2.550797179614713,2.472122722253951,2.452959476155848,2.392263115346532,2.3383047174912055,2.3197982339997725,2.2828620839049227,2.2339156507798004,2.1838733063244296,2.184615403559808,2.135924394501037,2.100130177581094,2.073434198856006,2.0778881838095766,2.0527412054585454,2.001565952638465,2.010137993074993,1.9578435723597367,1.932331253773055,1.9281929619070184,1.9226767701082679,1.8943158321678304,1.8694912610156755,1.8521597032346762,1.8599791593287465,1.813746677821235,1.8229658570336211,1.805358880448984,1.8087769859705607,1.7850281326782687,1.766009663084116,1.750360691389959,1.7424122332746033,1.7407996872860838,1.7485588223875188,1.6903755258176385,1.7242622772943645,1.7112653288498763,1.7134691294886006,1.703113207781997,1.6988487982134601,1.7007488494062173,1.6673241047500016,1.6692920069933883,1.6881692343817942,1.6914008854197617,1.6691545049029395,1.6862120275515116,1.6794170178350631,1.6825777989403838,1.6741692271407982,1.663422513711887,1.6851606628955365,1.6923937327994423,1.6671015236206832,1.6851701664660985,1.708818354214875,1.7099861389072293,1.6920475824446741,1.7009800560175539,1.717100944713583,1.737326646605908,1.7164806291043584,1.7366486942290624,1.732300268244114,1.7397290797879463,1.7576345804729718,1.7555911478157094,1.7798992043796744,1.7979908911454616,1.7941666639134772,1.8078755767262162,1.8109532968709114,1.844745151521383,1.8525562607359078,1.8800867491685163,1.8710121568614284,1.883444207874266,1.9220539946606494,1.936466299089596,1.9511170080450697,1.9872420419686474,1.9965220714547225,2.0371650517432682,2.0545514082634537,2.087278171238523,2.0954774966988166,2.150231522212821,2.161173882600706,2.2067507058223663,2.2100254852329013,2.2425168096010966,2.255530132975333,2.3204456271647116,2.3466561736634968,2.3545731704587056,2.40941788765938,2.446541925784461,2.4589928339160143,2.4915655959363634,2.5764046758060166,2.5829164219686795,2.619833813290273,2.659097678659928,2.704119932980357,2.751364355361957,2.7734695925707027,2.8105665112726688,2.82641216701907,2.9104656720006017,2.954312715856608,2.982355530165988,3.008120046032791,3.0726437649937153,3.134827928312718,3.178748829295479,3.2199866106527204,3.2648921990698576,3.3004429823935237,3.3569421273444147,3.3923864491906923,3.4462471257803493,3.513543518233762,3.5486232415851098,3.609569530851101,3.6540493513597747,3.703994619722564,3.774342059638585,3.8251686299409458,3.8684532704045522,3.8839044479094844,3.9919747737850497,4.034774908473463,4.103814830659646,4.13982283076923,4.2205050418289405,4.251859765874951,4.301102461457713,4.3498096360353244,4.423164577083768,4.44591902194756,4.530200552151853,4.572200703021509,4.6324732050045165,4.694160602780831,4.737784169584622,4.8130519060353345,4.847590894792508,4.927251650591696,4.950381366781091,5.004222011303915,5.042454151852002,5.117589588073418
9.1,0.012132985610544154,2.0,5.18058598965077,5.237029154764464,5.28624131761692,5.347907543238677,5.373264493738649,5.497577539908397,5.505106735079213,5.563033555497295,5.588728238436879,5.666249886382758,5.704643692477931,5.759670100206606,5.802341149821582,5.854357704052266,5.895080751987087,5.91089775532145,5.961139440781646,6.006371967895886,6.05562955757426,6.1009316529177,6.147969608433786,6.187156368783569,6.208749084810501,6.233164061724964,6.26258583735993,6.293922633015819,6.354485460102711,6.377946564253179,6.401137436014941,6.416481544870813,6.444990011936092,6.47173779524328,2.51117845554036,2.342694606899559,0.7209274453991369,0.6994417420519257,0.6794006848356643,0.6606718220870341,0.6431385674909308,0.6266979004952554,0.6112584556569811,0.5967389262916809,0.5830667237278451,0.5701768456708485,0.5580109166030138,0.5465163704731288,0.5356457516659265,0.5253561147637619,0.5156085071984426,0.5063675217514202,0.4976009081547761,0.48927923489545694,0.4813755938245586,0.47386534139447767,0.46672587134569404,0.45993641448579997,0.4534778618807557,0.44733260833957483,0.4414844135404193,0.4359182785357935,0.43062033570101,0.4255777504645939,0.420778633390833,0.4162119613805862,0.41186750692278595,0.40773577447063175,0.4038079431373634,0.4000758150099998,0.396531768468282,0.393168715972548,0.38998006585027706,0.38695968766815186,0.38410188082602315,0.38140134605222975,0.37885315951726833,0.37645274931559813,0.37419587409409044,0.3720786036308464,0.37009730119029466,0.36824860750005944,0.3665294262124066,0.3649369107284359,0.36346845227685187,0.36212166915133537,0.3608943970214566,0.3597846802418697,0.35879076409337995,0.3676842861373893,0.42392392727667155,0.5006548147824116,0.6115288273054037,1.5998517619909653,1.5998210066044305,1.590693051425227,1.6220779843087672,1.6090836864796865,1.6237088618997964,1.6436497427402654,1.6506785871394816,1.6510378339669882,1.6759128374813872,1.6796378040007829,1.7011995290022301,1.700695058543939,1.7277819383125916,1.7468674409168985,1.7674278784770392,1.747833687377718,1.789655494612082,1.8170478388284865,1.810148574877061,1.8372776241609532,1.866602014001796,1.8761041607899516,1.9110485529701786,1.9237676010715365,1.9544321829886449,1.9726266486626651,1.9999147515979259,2.051381922275587,2.071370578952422,2.092656716866906,2.142678812283687,2.150974216949192,2.2061515665903304,2.2218784255538884,2.287729567399336,2.365564133868807,2.3827779193741816,2.4100506466757805,2.4683388177597756,2.5211335227693277,2.5674694613702145,2.68781615093374,2.689644975580405,2.7813516445732547,2.844678036384286,2.946722240247922,3.0155916930995352,3.097810395332612,3.2372005434870736,3.2990436465509756,3.4504739484807283,3.5476211136937854,3.6878782161950188,3.840232654956168,3.998343838479294,4.163711648584161,4.357787434823421,4.568013047024228,4.750857513352208,5.01163101230955,5.310219677153875,5.646279651112442,6.0380634830667885,6.405866881329874,6.928706012362119,7.449945872034033,8.165207363905154,8.902521151039698,9.982454100277037,11.085307484201007,12.772509583278055,18.771412380687128,18.6854618018518,18.559465680085424,18.470079756899043,18.306835882113834,18.12986069733919,17.905748646939532,17.672633406969336,17.343338821334154,16.998330705505616,16.631247007299724,16.050673792983872,15.300570948831432,13.239256328367276,11.76612569355721,10.34938647744899,9.438154569866487,8.5152582938755,7.76575414245341,7.243360658843227,6.691882817807027,6.288637859842398,5.888046740626536,5.589927634064865,5.231496851586328,5.025647974418877,4.764088656937108,4.536614030872319,4.353905268144175,4.153857618458143,4.0343543020681745,3.8626089658375142,3.7353407928961726,3.595948047914109,3.4739056677163656,3.362693998385269,3.2626877224909254,3.1843030855037178,3.078514892762537,2.986498473762335,2.9113531728739095,2.8653549784737185,2.776164603367112,2.7000018384391664,2.669285092726257,2.601573598654556,2.529401729441762,2.483627817418524,2.44934235178897,2.396102432245848,2.3536568028877087,2.3291194234181143,2.2626866624418716,2.2293908524096286,2.1881321822544506,2.1629187799906653,2.146499743599779,2.102805168027926,2.0788022991630153,2.039498205123943,2.0282561649088815,1.9911741443560034,1.9735187718153804,1.9282222275945333,1.9116310628874866,1.8943282554015743,1.9138478700337371,1.8820278847917098,1.8571842363363684,1.8306860215918337,1.8256887228734986,1.78769517723227,1.798967438898803,1.7835818843889664,1.750107139747603,1.7648507110810545,1.7430060347143972,1.7322900277217685,1.7151833888444448,1.710923417801486,1.6853594392596174,1.7042536816085567,1.6676911114573831,1.6782352605988715,1.693953999576135,1.667823291849877,1.657455778183185,1.653589732794068,1.6646650833010896,1.6521129566160009,1.6308931900121626,1.6512747534229328,1.6370936484371192,1.648804306027538,1.6281420109952909,1.6543965104882092,1.6353479511750129,1.6220768350085675,1.6293158696838166,1.6245048159316797,1.6556755079012249,1.627811195609756,1.6538346473011976,1.6548740246949714,1.6625593338780262,1.6556718110756266,1.6636272867424318,1.6533594335462343,1.697480455060211,1.6824765590461714,1.6815900758901337,1.6918692900249501,1.7148332823270722,1.7139302306491973,1.715310464515891,1.739828249449421,1.7233633406827853,1.7517801595117501,1.7623777682283788,1.7804838004997285,1.7924166415740908,1.7975441903774527,1.822208410213627,1.8382709174204643,1.8606468474361095,1.8703508829183753,1.9027826989151784,1.9128720802079053,1.9489309809432442,1.9495398835245303,1.9608180921680998,1.9884839733171364,2.0148914622346417,2.0531759722238863,2.076523306696665,2.1289830361862454,2.1603076032205877,2.179361623312458,2.199154681308826,2.258908175234474,2.2745722607774383,2.3163134604141886,2.3187389222988894,2.377679546891739,2.4235597331551686,2.4481847295004564,2.4930935296561927,2.5218541461217807,2.5635677769634957,2.6234347183333586,2.6632137230838,2.6832084465394903,2.753978994249091,2.8139343930469893,2.8100450953435323,2.889946879604806,2.909815983383107,2.963278397030178,3.0272390432557676,3.05402561039786,3.1132975837959767,3.1523110059384125,3.2068031412957296,3.262150465410922,3.3117622743999484,3.3737876041434043,3.4301316418730354,3.4767471896857844,3.559229774198086,3.601321628480399,3.6338156300146607,3.7084706026764827,3.7563217956298796,3.8122522850288036,3.8544726946394214,3.940301603306396,3.987353871954982,4.056167591066187,4.101464712625995,4.152026089798722,4.235850483196437,4.2736136396070545,4.3496876148802075,4.390240672764366,4.454548788515398,4.495758370615609,4.579702271893751,4.641609462127592,4.690837087065471,4.742226919212835,4.809665653198446,4.874107932031095,4.9066334521039625,4.965982162453171,5.039327660037592,5.068084662252396,5.119251778523159
9.2,-0.07966595390476142,2.0,5.395650229081622,5.4828649935446165,5.521626359004567,5.592708580555562,5.6364029357138685,5.690033597957196,5.749339710062997,5.788931094958628,5.823587828527332,5.855764977645265,5.920666640680577,5.952428343657235,6.038052119339026,6.0617467311440185,6.1031081884684895,6.145297552616953,6.180813210413373,6.236285336913438,6.283041657311196,6.300896504142585,6.347258020765239,6.388125315378235,6.439736935804883,6.443703709488747,6.5142266691384325,6.512298963061546,6.55827058461743,6.58813250868256,6.618974825839676,6.653877717760084,0.7750454203591051,0.749050622050983,0.7249566966887991,0.7025718943052567,0.6817295739017448,0.6622842310400623,0.6441082566816619,0.6270892749169956,0.6111279424584184,0.5961361190934433,0.582035338144897,0.5687555210825529,0.5562338920082865,0.5444140566827742,0.5332452177244765,0.5226815030678977,0.5126813890715193,0.5032072030808762,0.49422469297807986,0.48570265343694186,0.4776126003681125,0.4699284864701367,0.46262645196871915,0.45568460558123186,0.4490828315284274,0.4428026190633531,0.4368269115246101,0.4311399723680863,0.4257272660045847,0.42057535158368375,0.4156717881273065,0.4110050496385461,0.40656444899926397,0.40234006962958624,0.39832270401835884,0.39450379834971194,0.39087540255032055,0.3874301251673372,0.38416109256050207,0.38106191195540995,0.37812663795984414,0.3753497421927538,0.37272608571689564,0.37025089400230304,0.36791973417932367,0.3799915911167692,0.4011126867349275,0.4248570034043934,0.45173565852516184,0.48240190145824846,0.5177042002352523,0.5587650430321794,0.6071012626422339,0.6648138679549529,1.605876284596428,1.602374173588829,1.5909884825221248,1.6112730142205325,1.62354806897422,1.6142178620800027,1.6151741603910958,1.6435529501044126,1.6364089633670722,1.63317589571183,1.6592350157358229,1.6701678157670714,1.6909682653928286,1.6889712126478988,1.7019973237472077,1.6944576789558354,1.7182697805452891,1.7163515872219077,1.7505086606728846,1.7519861810304063,1.755617874208575,1.780275693111913,1.7997726625836086,1.8288023639243003,1.8249731152606643,1.8291697521185106,1.846558490762143,1.8855300761063434,1.914630336264514,1.934753515688687,1.9615976888718638,1.998600044581251,1.9943966757400282,2.0406117141222446,2.0608689521396912,2.084293062457532,2.1311166901811314,2.1766408244977287,2.2035481277644613,2.201127591787497,2.240275536581199,2.2957923848458064,2.324841893403105,2.40444528696899,2.4428118414943536,2.5097023900405357,2.577470777097957,2.609778115470369,2.649276495488414,2.7385656915935725,2.8123426331168355,2.864286753415306,2.927571608970035,3.0442094464142566,3.125180609834895,3.2162244047110153,3.321268919689466,3.4057551171299805,3.533379084198243,3.6744036567778604,3.7906065032702525,3.96746814457235,4.13679433528359,4.302956524134436,4.519551939925599,4.704550827688733,4.959123540807222,5.244798338429105,5.5466457855394395,5.841551428054177,6.250012228180609,6.7440025578538485,7.213181258864651,7.860140434268336,8.522700233393222,9.462873265511417,10.424475970061762,11.867306700499858,13.42135221105733,18.542234698924865,18.449000653221653,18.334598522469697,18.163385247579573,18.056829660574675,17.87824937731174,17.66456974233978,17.3702041790122,17.064577061068018,16.68479493464976,16.167341315343172,15.655111272810037,14.39362484353629,12.62611320637138,10.999639186929041,9.936164716142203,8.898988963508385,8.201687229194265,7.487577320751448,6.895895735902712,6.461380510834258,6.016234327602896,5.692594976139456,5.356089707403576,5.082316513985414,4.823178456700472,4.616154113563903,4.398987073810377,4.224697595594977,4.043613524309901,3.869639009871637,3.740320991377018,3.5870987494848863,3.4898431189546315,3.3433976576048505,3.2753162467812893,3.1757460801182162,3.064707999015371,2.973426076542241,2.879546664238031,2.836156978454385,2.776799261088063,2.7045973019879317,2.6390419072738855,2.594766832276922,2.5192297851051517,2.4611539959717375,2.420809524634866,2.3843973713525193,2.345219972567776,2.297835475399887,2.2807191269527705,2.21319642370752,2.187022085446054,2.132549220009594,2.095258117376799,2.069094997214263,2.0369463991591497,2.03854173160615,1.9932205147407358,1.990421232191332,1.9393975773951264,1.92685960160037,1.89923892062267,1.8950827200244493,1.8764718957022772,1.8345388547469998,1.8038685062929034,1.797511033236496,1.8006682686188162,1.7903095314323765,1.7474421144891157,1.7295322828314046,1.7477781472254525,1.7248317419166237,1.7005233672264306,1.6921831478327949,1.6785121114014399,1.6721695791844169,1.6748581425475866,1.6842054368907697,1.6461970006167759,1.637062542665682,1.6341400014750673,1.6202294239555992,1.6252385226346673,1.6157146923904333,1.6144652947029419,1.6100814973339288,1.6024944949116586,1.60672342040894,1.6360531318366613,1.6023673824037736,1.576998171641386,1.6035038846275491,1.5944064964998446,1.5968936533975266,1.6013552826171866,1.5858850417517816,1.5959212078029912,1.6074074356962489,1.5865073799397762,1.6303262097777105,1.6358513328074076,1.621385247807429,1.6289067941999402,1.6255594534841018,1.6451170289823789,1.651467382152885,1.6373444271290232,1.6719776220552616,1.6618334917004904,1.645662873414219,1.6628432234640285,1.66530210049087,1.6995861003007795,1.6802206829514257,1.7376002231157521,1.7418222968599657,1.742690499988158,1.759546374934802,1.783846256186347,1.783658989209946,1.8096518384954472,1.8211490443224738,1.8448149603249728,1.8545503129463223,1.8840864097414325,1.9103498442354039,1.9264834980500518,1.9468208193702858,1.9581180331298984,1.9843094219846242,2.0169481990059466,2.0486460694508595,2.0654347488842384,2.0897373440319496,2.1275463839845963,2.176156129908798,2.208915776821422,2.2429220736333084,2.2645715143619602,2.337028394168735,2.359158498617945,2.4104389574464213,2.4690672038526404,2.4734262605774346,2.5228264619431813,2.5765421200907053,2.6050562047873265,2.686896650730199,2.674585616484081,2.747135273089016,2.8009324929929797,2.915120623616621,2.8662236268425136,2.9543376368537904,3.001304483518879,3.065145416118314,3.128144838166136,3.190747209420727,3.196247108191806,3.284997952708815,3.3429591229624407,3.398608472351252,3.450645228761394,3.5166264911377265,3.555881171419921,3.651993427423549,3.687345781179017,3.757744920018657,3.80886704764313,3.8982853275182725,3.9397202141088234,4.005354271801554,4.074363434743413,30.013974416525194,4.1984641452438645,4.257959129683267,4.336800240906168,4.373849636069854,4.447555538979019,4.482236963376383,4.56926789623104,4.657275991820153,4.69689425325461,4.743932785933712,4.8253047438082115,4.883534790813204,4.920089079889792,5.001504724145528,5.070943712491818,5.106385456153224,5.178539992372362,5.237012590361359,5.321164059939632,5.355352079066692
9.3,-0.08997778292810595,2.0,5.513193064909446,5.59018214572181,5.638733690057198,5.718519360047867,5.775118834234694,5.822170490443929,5.881741816264372,5.914731694870168,5.985852287430984,6.0319353048719595,6.046524069458198,6.138416317903112,6.162611625748542,6.222429823293731,6.273989264186938,6.307815784151963,6.350216100375267,6.374782272861034,6.443483520747703,6.491172567507792,6.5120500080104975,6.556746700716501,6.5790807396770585,6.622440902273578,6.659863557809226,6.6983114890161,6.696452582128873,6.7431747160137325,0.8421043068204512,0.8103594384533437,0.7811503896786804,0.7541955644717174,0.7292537361890757,0.7061170715188892,0.6846055529297309,0.6645624831202351,0.6458508342682271,0.6283502625030266,0.6119546503645278,0.5965700714435346,0.5821130949557851,0.5685093658189561,0.555692409391292,0.5436026204782586,0.5321864043065339,0.5213954434780895,0.5111860698753943,0.5015187244076563,0.4923574906040022,0.48366969055136283,0.47542553367841606,0.4675978105063039,0.4601616248021537,0.4530941586448107,0.4463744657921238,0.43998328946356235,0.43390290125085035,0.42811695836639746,0.42261037685344066,0.4173692187281413,0.41238059131446797,0.4076325572773869,0.4031140540665705,0.3988148216579759,0.39472533762951956,0.3973218073337933,0.4102733489968785,0.42423133695757465,0.4393110921550366,0.455646374749967,0.4733932165955812,0.49273475123450516,0.5138873580572948,0.5371085575798328,0.5627072691209941,0.5910572988325437,0.6226153106648293,0.6579451204833137,1.6432033938326402,1.6338015270544197,1.6310634718634074,1.6386484364806448,1.6265321616193982,1.646569241320777,1.6399231262685872,1.635462342345571,1.6368510017516387,1.6267912516584149,1.6590895544485427,1.6660102899292284,1.6561241316809718,1.6562340797141648,1.6869993033992898,1.6630266872533683,1.6663778011834267,1.687612942469971,1.6883577020134706,1.6886788931164933,1.7123615693014964,1.7214168447752443,1.7517666025709118,1.7399028992529917,1.7664389539604273,1.7802729857175001,1.77381774464909,1.7898151407490808,1.8333097883029752,1.8383650979680866,1.844017220381051,1.8503086234012671,1.8752310199260263,1.9104821322609777,1.917934666590864,1.9462945321227305,1.963983004248121,1.9828316966336992,2.011889014752124,2.036924896046219,2.0719058697066584,2.0977390750786586,2.1274888805078493,2.169288596431612,2.17236329190558,2.19998873570954,2.2583722355905715,2.2974552627141014,2.336544905274061,2.373605565585723,2.444696054307101,2.4655946487625364,2.555279043885848,2.573342688163834,2.63336270318626,2.707375934952974,2.763878021507099,2.8263713131238513,2.90623122557267,2.958914814384763,3.0380570351211817,3.1577654926033474,3.241683434366112,3.3605341642785342,3.4583558640867604,3.5767428646757047,3.6972708096228986,3.851383210166671,3.9883419637716777,4.134128482013918,4.314880075180213,4.490980240342186,4.752092731568805,5.00038686979276,5.223997450992347,5.541075670758052,5.849081416751135,6.278649675568463,6.651126769962541,7.1721861012101975,7.713571248215381,8.44249856893457,9.364713977140225,10.227058130652775,11.604647973342361,13.06441812541242,18.373278305132057,18.294049324482355,18.198902826495345,18.064567708207914,17.893235443611204,17.660876808690286,17.487220761628947,17.244643482538503,16.96516475767242,16.599659805121448,16.243461339884156,15.650625930764653,14.949754162991272,12.981633434577153,11.220275188553977,10.082985063298073,9.008219099851093,8.25345836281225,7.540828361042247,7.021024166386205,6.472520879312362,6.097353057037956,5.6737462414201305,5.348585865284047,5.078608409951049,4.815375479996257,4.591216550425474,4.366778025023064,4.175356847192924,4.003268286124591,3.8471527442016726,3.7027970473919587,3.577282083783633,3.442439908206172,3.3165759911729533,3.2521639781509366,3.115401862356292,3.0384831336305234,2.9513192643530175,2.884356402037773,2.797799790391845,2.7056068977742807,2.659409622365153,2.6069755620903945,2.5444028083921713,2.478246928810525,2.434929508279351,2.3711049616374105,2.324280346341634,2.286723983862902,2.2151866618603564,2.212317419533491,2.1781295873656714,2.142954936150201,2.0811083109236166,2.0908784342970934,2.030574832582201,2.01660436868455,1.9541752591646464,1.9482154497910402,1.9437180626110782,1.9063738438994136,1.8890624222818622,1.84766352492092,1.8371011839643971,1.8370118205705825,1.8031281472162604,1.7861721912527386,1.7908813936423933,1.7574136239691396,1.7274867459194092,1.73039910144992,1.7254003968669833,1.6979503346987648,1.6766970089338502,1.6715101032715522,1.6434656161755556,1.677218475501504,1.6410088721175322,1.6454145152853796,1.6057228264045784,1.6218696174925784,1.631463908351269,1.6244922404504223,1.6127879304369774,1.609404844820345,1.5731620941084221,1.5871592797428593,1.5787798690006327,1.5695514728146391,1.568073298356513,1.5813757771205141,1.5636348885351108,1.5620164873792994,1.5803083059450769,1.5554636139946083,1.5581183070812952,1.5671134878990973,1.5752421669019754,1.5748661611629002,1.5703546250912426,1.5897450348047324,1.5773546684613176,1.5608769906051871,1.5854916719535708,1.5884342035939687,1.5955254236802918,1.5955991749190823,1.5896459052060552,1.6104317360550011,1.5925210769812521,1.616027115128724,1.6190664751817936,1.6425473973632911,1.6362674674272446,1.6552548006255727,1.645563835683822,1.6844264344759774,1.6764864048573442,1.7019756049432402,1.7082458485196415,1.7125205357474635,1.7380545556910174,1.7649291523550283,1.7619464059462018,1.7889800930175275,1.8128077809738097,1.8135877958782536,1.8385254605044425,1.8674357229979393,1.8799732891125573,1.8903483745212737,1.9233825316747009,1.9570737156757914,1.9826505318205754,2.023071140559953,2.024479786328618,2.0445882814896983,2.092807435931057,2.153198476608252,2.1889047966964594,2.1913103100432325,2.2274150462792535,2.2781895439565236,2.333434974003418,2.3557919059715844,2.405409688659919,2.4755245138209436,2.546746674101523,2.5684110441533488,2.609908043269412,2.6842336590817726,2.718668825418177,2.8054865748360744,2.789521189943279,2.904815108906486,2.956883771898683,2.9869517799397864,3.0793420667694504,3.125053764402026,3.1896061792352635,3.2437060106391926,3.3058846669935766,3.3735246818519613,3.4557881732132185,3.5178268312829273,3.55159141644033,3.6085314352294535,3.6832561560091848,3.7792300187295944,3.8156034339049345,3.904922953991557,3.9364678440987375,4.024336897358394,4.104848885241786,4.154365458438265,4.232239609418636,4.311831995382257,4.361359955974244,4.416960501809637,4.519977956668044,4.572214179417461,4.624637399089682,4.708149510857526,4.785717586887802,4.830454156064843,4.885922851285896,4.963554856196358,5.02310605500954,5.086932488407984,5.167602763782996,5.2054718293842885,5.277181669679321,5.342226836631115,5.384123511302196,5.463485438114679
9.4,-0.0845943456426966,2.0,5.607188204420251,5.657335459234495,5.724617122468934,5.792075237487141,5.844031572742382,5.922779264882811,5.942027128264089,6.038210993614105,6.0661276714557495,6.120728765484272,6.1627524183747635,6.2452490416816016,6.280697859468911,6.323563167868285,6.3873129609754535,6.402380527217467,6.458256852004598,6.5027394123164814,6.552535468960349,6.604590697147079,6.659635021289716,6.669451510374297,6.746744119786816,6.744865629106447,6.789789191244085,6.823096771557328,6.830626778195094,0.8980870984538387,0.8601294700508546,0.825491634208867,0.7937680841248305,0.7646169388237881,0.7377479435616586,0.7129130874365696,0.6898991956078616,0.6685220277288366,0.6486215370174299,0.6300580321271334,0.612709047429222,0.5964667737251292,0.5812359357126745,0.5669320281400835,0.5534798418788451,0.54081222581345,0.5288690416852849,0.5175962777070079,0.506945293514543,0.49687217431101177,0.48733717622468326,0.47830424820872774,0.4697406184478315,0.46161643535247254,0.45390445492800346,0.44657976768878616,0.4396195594141527,0.4330029009647023,0.42671056313496936,0.42526272493908424,0.43487896784144725,0.44507893043272073,0.4559111233118164,0.4674297198181109,0.4796954008997636,0.4927763561342901,0.5067494756291453,0.5217017766471141,0.5377321207022849,0.5549532925351087,0.5734945331687021,0.5935046471113372,0.6151558414770301,0.6386485063697581,0.6642172172244809,1.6730192047832022,1.681407263504676,1.6896961964725778,1.6848124539508547,1.6453899496152575,1.6577694258977527,1.6596479546228073,1.6480389937864588,1.6586190088018669,1.655118497377241,1.6627878990984264,1.6590373634701134,1.6630183400820873,1.6572965312654517,1.6582657674875192,1.6554672582901764,1.6744356099666078,1.6902850136938241,1.6633405801937966,1.683889720975228,1.6840039622963525,1.7045330257262614,1.7064500081988507,1.6975307495916188,1.7143121634310556,1.7161513790729146,1.7600479660874575,1.7587556101108484,1.749822967162967,1.7560978525808475,1.76873279685665,1.7930620495343186,1.8115476909471795,1.8289233996097933,1.8140253865684246,1.841069491122595,1.8498388096267915,1.8730902769747242,1.895911780613716,1.8859562666186653,1.922771155817736,1.9444484156873623,1.9554349927272603,1.9742541170993755,2.0114518264565633,2.042356623601793,2.052931931231143,2.1090267488415724,2.123580135628358,2.1665639341075473,2.199063590347571,2.230002343958981,2.233543099200775,2.308544016355762,2.3392007310367524,2.363961053410522,2.4211093803216253,2.4589318628061845,2.507040402554574,2.5612232796798002,2.6027130632662234,2.6975318876753542,2.7274301783100663,2.7827196659412756,2.8570948636975344,2.927218545256996,3.000379050789515,3.1065848819029194,3.192645759745765,3.2880011651300785,3.3675938300757355,3.478719703495578,3.5791713653938477,3.7325322261531912,3.8578911361197195,3.9942618619576726,4.170818150511977,4.324904545617857,4.542015805377043,4.744657183303461,4.974490488172578,5.281769310449904,5.537503462262777,5.875791347996824,6.196835430351458,6.676147038307133,7.111245848044605,7.702662224138141,8.438909283946872,9.162463418441495,10.203596435240307,11.275719507172134,12.926989806084775,18.207783320249966,18.091826191620733,18.010082149187735,17.86165055952291,17.717707172498226,17.545466323878216,17.320789031783097,17.082087552688943,16.81018412710957,16.52608448654779,16.084414087618097,15.644542328303057,14.953028791325794,13.109326521942485,11.549671118959422,10.138288132756596,9.177051604243372,8.277383706533668,7.645569276528613,7.000005372817832,6.535398732964937,6.0487653748219214,5.661224711217971,5.3506820612820905,5.044256639705271,4.809022776732747,4.58671735295511,4.367063739563759,4.168640993492764,4.006287902341482,3.822684683798591,3.6557208534114882,3.5367096098636956,3.4269870937319253,3.3231314189203935,3.2065330173751767,3.1121640890913613,3.0054632013399236,2.9357474489998796,2.849553003214918,2.761753188836987,2.7100451544038915,2.6299132352216477,2.574788008429304,2.5257452810807406,2.478978384544977,2.4022117618654004,2.3499344377501443,2.326841300824876,2.258115820683532,2.21782543093799,2.191804162522402,2.149049608230392,2.133402439551371,2.078002193181496,2.038706429304946,2.0240090997869253,1.9975345145655743,1.9688709066774888,1.9475375076702939,1.918670166636444,1.8841517658404716,1.8592303683346036,1.8659361411065245,1.8148391967568351,1.793583123444276,1.7932369990821582,1.7646670341103985,1.7372306521106242,1.7475104184143422,1.708688904963629,1.686104845130203,1.669176230547889,1.6619954579070737,1.6563866454302847,1.6629215300272373,1.6353231662872216,1.6250690646598058,1.6217878496087512,1.6009649892980062,1.60817862723418,1.5760195834553705,1.5860152508410812,1.5798244764417464,1.585500664048099,1.5554250054541936,1.5717239656464599,1.5548672271902764,1.5617865486772484,1.5613855802906806,1.5538254206890372,1.533461005014995,1.5516319018183398,1.5461080396643632,1.5379125035633514,1.5280265813882772,1.5469258001656658,1.549296470557688,1.5250316071809078,1.5469570144384275,1.5469943016747016,1.5164435410203485,1.534730633594882,1.5482991422055035,1.563460252551231,1.5736085887814406,1.5559495246124906,1.5689729626763733,1.592015519476696,1.5963669332692825,1.5938223098949214,1.6065018758747707,1.6029771103404906,1.6016826623073224,1.6212154697037635,1.5878938846703639,1.6479802677887283,1.6401094916271355,1.6543614948958827,1.6650140444462633,1.6713569343734709,1.7066395554675442,1.7067853365226069,1.7180522392306508,1.7324304740366094,1.7552639910239625,1.7568301897085916,1.7850212891884392,1.7816732022310695,1.8265127123598361,1.840104217799449,1.8713042091556917,1.905142848418942,1.9058830997759526,1.9638957183535015,1.9669181896956116,2.0129661367572456,2.0086994110397445,2.0704739591483485,2.10822307227172,2.1132513684021745,2.14086608431696,2.1940389527764217,2.237959278035376,2.294104013712549,2.336033122256646,2.3781123735162315,2.4166050235301375,2.4708242124183335,2.530999871527928,2.6183343901479934,2.671365544194709,2.74751960914277,2.7571604076264085,2.837061968405591,2.885551354270726,2.959662540773041,3.0161721932327596,3.059446404160197,3.163477418002995,3.224301417277513,3.262926174477928,3.3299331454054,3.4273085388911797,3.484416193621503,3.553623748438757,3.626413136927867,3.678166513044102,3.750154823833758,3.8251516463993624,3.9094235636777315,3.968917199219071,4.043944985697145,4.146584929740825,4.18033490192095,4.267525902644814,4.329440013852373,4.410761267207477,4.489196464670175,4.557940865659777,4.6392610380727115,4.707871895476109,4.779285242509458,4.84984014494789,4.924697670466937,4.986967636414134,5.056717601536791,5.107934460516965,5.200362639960132,5.247041912940851,5.333506688564368,5.416046887197866,5.483252735514496,5.542938473133061
9.5,-0.061094071517199776,2.0,5.697677463019329,5.729576948082255,5.8339305016524445,5.8622357810451255,5.955672315011413,6.017893243988691,6.0648960016287115,6.126622218308164,6.187672696053866,6.271829215915009,6.309885816801448,6.363102969385732,6.436611647470141,6.448285408349372,6.512282277401244,6.555418804782101,6.602562635805978,6.669999330100097,6.698615818168468,6.742514192123982,6.798056898925959,6.83953449869595,6.838004501484311,6.89942447652768,6.940017513343293,6.9621524055388955,0.9438393454962949,0.8995459600066827,0.8594736690257797,0.8230594471554542,0.789836306494982,0.7594136661140354,0.7314623477207777,0.7057029736789925,0.6818969000709996,0.6598390612964085,0.6393522720121808,0.6202826515078546,0.6024959207727663,0.5858743840626359,0.5703144517678493,0.5557245946293794,0.5420236441545363,0.5291393727676983,0.5170073014254856,0.5055696932985952,0.4947747005154155,0.48457563748857246,0.47493035945491535,0.4658007288858566,0.4660260678228896,0.4739403623011511,0.48227761039789785,0.4910657567236921,0.5003354197946567,0.5101202125097613,0.5204571101517036,0.5313868743248998,0.5429545429915527,0.5552099989333029,0.5682086316664184,0.582012111223055,0.5966892964780578,0.6123173061132731,0.6289827872215715,0.6467834254360026,0.6658297519719546,0.6862473179791986,0.7081793263455578,1.749553675183885,1.7492300082612628,1.7256450467120568,1.7248690404186406,1.72283268533985,1.6942225793691088,1.7166457834116022,1.7179087974930891,1.6957913381305072,1.6760461640952216,1.6620742504954373,1.6866955199265228,1.680559757480535,1.6972978724145449,1.6858835454648404,1.6747502805945835,1.6745108282741383,1.6926452796419365,1.659689140932605,1.689712873890878,1.6919656285278801,1.694281332798969,1.66883161793821,1.715346100231845,1.698870557662549,1.69389806469538,1.7222868119601742,1.7355591818162575,1.7245410694415904,1.7421351169786847,1.7483923352621147,1.767225980361368,1.7559515906715626,1.7409312495279976,1.7986519077983711,1.791686178421245,1.7853970435925886,1.8293128039113182,1.8147211646881658,1.8299151103288152,1.8460411455065149,1.8679035824942707,1.8674510450327098,1.9017133150385845,1.9294509284464263,1.9394069497426742,1.9649455260136899,1.9706922596450145,2.001838977783254,2.0153911663191164,2.070216195517573,2.067836103701324,2.0842217448507476,2.148265024751965,2.166372017495308,2.20623229012054,2.2284832856899035,2.252950009376419,2.2982497795357797,2.3413868461603187,2.3523337653258545,2.4093998921291853,2.4533413938746054,2.4810754249139833,2.5701226794413423,2.6091313149089204,2.665449662488108,2.7257925007245,2.7718095716978315,2.8614421662410248,2.9249671937131856,3.0179170136957754,3.0780249945583456,3.173647262865419,3.247098445760135,3.345955953894177,3.457689745128682,3.5669699123175196,3.71447802355725,3.8475277504220022,3.9615224428622304,4.095952932725544,4.298925762350452,4.448980359179552,4.68281123760801,4.871809253970546,5.145920239738651,5.437302853341089,5.732206515757778,6.094278876443761,6.4299616884163395,6.9153462142722555,7.388513546697603,8.039818813448761,8.683265228197238,9.586944820952569,10.730213667493361,11.951992968502354,13.779607473735076,17.9504575651569,17.86891424446693,17.761145799737253,17.60066274879101,17.483669197100667,17.262291021694868,17.010754642663873,16.80871016648236,16.507953563854304,16.17498998480628,15.71651630374766,15.261595138847188,14.320169170648015,12.566712034794705,10.867572821339818,9.60583815836642,8.760135880475229,7.89853254376684,7.277137896223439,6.699741307760793,6.286271839015182,5.8356598009857095,5.5173474120734145,5.174792562794501,4.8630975075727285,4.658577662244047,4.427196955730882,4.215792689159297,4.039806328573529,3.882045743162062,3.734598799396491,3.573081492983913,3.460361651188895,3.333711980705015,3.213443305635509,3.1453561810455715,3.048878121728114,2.9562258072607435,2.870635005526333,2.776053621024752,2.7150558977146377,2.6170725030243225,2.5782231419445423,2.520196824176264,2.4590441696857175,2.4006948203079257,2.3643214089942783,2.317678216546341,2.2615978475802216,2.217662700056381,2.2019517611221713,2.1423934256439274,2.095416995511431,2.035104433986774,2.041297787555017,1.9932885654452779,1.9647911164002578,1.9286348131909932,1.927516044180271,1.9008843384222953,1.8660645140886065,1.862793128652907,1.82897946375389,1.8003076835309095,1.7871993537795003,1.7655117606577153,1.7704126076223836,1.7391258998558337,1.7177555213283717,1.6936315222919565,1.6610647102044753,1.6871749690050113,1.6592361681702823,1.6428540204524962,1.627908132655999,1.6389333454676518,1.6148941706320104,1.6128591932637018,1.5962702175283046,1.5723326096947412,1.58194030580935,1.5929470780851318,1.587809065959841,1.582861662688175,1.5675486903309799,1.5346252074353763,1.5445114227241217,1.5174440045345055,1.5431376117616606,1.531767419555464,1.499191322624941,1.5339049545025685,1.5272305430303061,1.5292358099559595,1.502531244908197,1.530479208125841,1.5329329989922391,1.510913534732362,1.5059387498394075,1.5278976739669983,1.5359879511477799,1.514444976218496,1.5265219522557345,1.5199478774573958,1.5496214359260947,1.5494992820855025,1.54093500443238,1.529686014223456,1.5455243657448583,1.5599003488756638,1.5584315011447865,1.5829127111015366,1.5863784270543972,1.5662795531228852,1.6122743974630285,1.613046477052322,1.6218294155801256,1.6158578140650208,1.6392943427985491,1.6295019648806783,1.6574749114824479,1.6820361059199194,1.6977503999954902,1.6997101357616538,1.7329593540569694,1.7348362934098924,1.7436246437179566,1.7586534512283554,1.783463419099508,1.7895636681630696,1.8219049084486776,1.87175589518926,1.8649076840750587,1.9125583388538965,1.9229690754440654,1.9433633128720542,1.9721036432586623,2.0093421135923824,2.04245081683037,2.059924301351703,2.113220924661006,2.1291333525921337,2.193631142827427,2.213531784082276,2.248723518289545,2.311325340387779,2.345790888080418,2.414016542419257,2.4709719901934357,2.5057541452735705,2.584659048754281,2.6431169842628752,2.714514469495393,2.786155753257277,2.8565912353412988,2.8782908050737825,2.9886612067573766,3.070272560049078,3.1445551312148097,3.2305450160161655,3.278232706238192,3.3307221489542562,3.422328506756077,3.476688908898292,3.5582018654405374,3.656778793151941,3.725308670728126,3.7965265570462607,3.8750820769925407,3.948545582948416,4.053470106033387,4.112970234001685,4.212947119889841,4.265604326406994,4.375673632964195,4.416596431639657,4.486052819876089,4.597485572759023,4.673802071416794,4.732739581037728,4.805145330262842,4.890164391930986,4.967402147328684,5.042492644005381,5.144965972003675,5.20776423708781,5.243767628793475,5.346479236654294,5.3936783376193,5.459591199351191,5.565709172553326,5.6449596523720755
9.6,-0.057014615425001754,2.0,5.79434450708476,5.865095628675344,5.926045049792862,5.980123084091364,6.048717773876023,6.10017263835218,6.191994768313088,6.2461177229148985,6.300707388431476,6.375507786006706,6.433922658043871,6.47105719113965,6.541201542634977,6.5760483642218075,6.644583429828618,6.707885514702827,6.739051557493257,6.794997508372031,6.852557724379678,6.90167241988974,6.918148706576468,6.960888818797913,7.015224864880029,7.067694166779616,7.088132044065509,0.9811899131723093,0.9302060029186154,0.8845149814075468,0.8433473785902518,0.806076151462642,0.7721851972412264,0.7412458661415192,0.7128991989687237,0.6868423251468828,0.662817927010934,0.6406059931500125,0.6200173008675587,0.600888219073642,0.5830765297133466,0.5664580422248786,0.5509238308322881,0.5363779649806318,0.5227356331939309,0.5099215830349547,0.511509326894079,0.518313279822332,0.5254629612354604,0.5329773314837182,0.5408769472468645,0.5491841243763035,0.557923121470861,0.567120347310815,0.5768045958261477,0.5870073129381381,0.597762900414186,0.6091090628466073,0.6210872050482003,0.633742888602962,0.6471263580864067,0.6612931496625767,0.6763047974856292,0.6922296567279497,0.7091438663145188,0.7271324798160903,1.8084912766585717,1.840583513711273,1.792345592677192,1.752421772500557,1.7920253276128302,1.7898341932368886,1.7727258518759816,1.7479846210965333,1.716868093914238,1.7453001303302278,1.727358961031165,1.7119321621811607,1.7354837218984418,1.7317470343504968,1.7182039936937246,1.7112361965591025,1.7058377902977606,1.7037994368860019,1.7048819779129476,1.686928447105329,1.7075584125353314,1.7044686312024082,1.6770886190167194,1.681659083699729,1.7077164841384185,1.6928015688390101,1.691690157006587,1.6920581549093832,1.6833547909002848,1.7149760489447357,1.7222656412895185,1.7249999093887152,1.714543349464688,1.7317813925521328,1.7534464732481716,1.7341079102403072,1.749726693551588,1.7583849242349725,1.7491130126889876,1.7772033736113038,1.7944667541167012,1.7998717129158186,1.8068832666626171,1.8351080434714317,1.8466860811917056,1.8278118261278262,1.8697163115325983,1.8754419388775945,1.883190425549757,1.9107030626594734,1.9195761588184663,1.9443739013729984,1.9735896326416604,1.9747562472293205,1.9984452718629737,2.020884902110869,2.05344852729958,2.071056933609205,2.1002402158935936,2.145720806520377,2.1616967903551805,2.183057654403789,2.223044690451516,2.2703799465261434,2.3005998384685418,2.346730552082114,2.3602138316032257,2.419993085376301,2.450674027381602,2.4970233783080378,2.5754223943131005,2.5903983203484895,2.672438131701236,2.716931016749282,2.760396267288858,2.8424909744048916,2.8891330542275813,2.9816804315797847,3.0767042030542058,3.1390388292816853,3.2149085439951826,3.3163451630871386,3.4099191212759195,3.531831726351533,3.639516990081453,3.784504098221725,3.891372975889586,4.039623253013063,4.265801206929375,4.39625622435085,4.600105276993015,4.809693382724902,5.036118962208955,5.2822553608458005,5.58458892546648,5.8842862689405,6.284699902731017,6.746103592313844,7.169961412763099,7.776874104908274,8.358665651879907,9.214972290382505,10.04015021361719,11.308899353847943,12.885060295798946,17.813317358094217,17.7066098891749,17.62910973140295,17.465301893763957,17.334916568827403,17.16828067102271,16.962992541623922,16.7186599390039,16.430277983975518,16.15749354093909,15.770025314994788,15.364493581801337,14.685620524859553,13.489809132601494,11.565598752741666,10.304436323630842,9.157229078861162,8.207376635015944,7.573665841546073,6.920811377270713,6.430934230371281,6.00390869842184,5.645965436758857,5.266402301817801,5.026570397888189,4.729640230235765,4.490323740431359,4.296160212034077,4.088788667054244,3.9176089954601565,3.742924249942915,3.6331546186756043,3.4868311163998262,3.373893099556419,3.2587596602438174,3.157880087762124,3.0485992979965455,2.9346962801046064,2.8740840555957243,2.782381422523416,2.7118212782109126,2.630282701807026,2.6099452582837137,2.522748672503427,2.476985241522751,2.4096673039219887,2.3857780498170493,2.330213062482273,2.2605012602453796,2.218390202239434,2.17426058121274,2.138757537840572,2.097717576406947,2.039779186895421,2.026670616945842,2.0159745370712554,1.9833946087925036,1.954911662450687,1.9173169729225719,1.8855499287307234,1.8644304985969944,1.8603672913094607,1.8148302878831597,1.8083570718279809,1.7888820877816123,1.7493126046273269,1.7485471471300185,1.7024207859078373,1.7106781490862306,1.7025513225799653,1.6868085761392604,1.6413903208346619,1.6589734968380778,1.6302670691176526,1.6249137656409889,1.624097955390266,1.601138332339184,1.599118959916172,1.5830308424359567,1.5748922943661496,1.5470983846889657,1.5699173559950153,1.553874652095413,1.5389735493466896,1.5380751991283872,1.5386548007733962,1.5297185619949187,1.509228150144532,1.5333424995788831,1.5287401642047374,1.521849679243078,1.4984464391065593,1.508574779365867,1.4914387029609122,1.490376043784169,1.4928062005610176,1.4955157191526471,1.5056023945630612,1.5070784585271781,1.4931750574267226,1.5049561745483844,1.494435591060158,1.4930637458547702,1.5164783972819418,1.5167677898996834,1.5239629735760054,1.5173778557462496,1.5211507883698971,1.558535609215396,1.5473744321598064,1.5330407003395021,1.5643986597264785,1.5709174259422753,1.5600111922737445,1.5698644061873628,1.5740064538734302,1.5800229237815728,1.6010901691351258,1.625192281827886,1.6298673130757777,1.645468268014906,1.6469329340896723,1.649215775125677,1.6922473090595873,1.694992956964686,1.6987634668223948,1.7246619396962672,1.7412605340564478,1.7735002443182613,1.769844416461466,1.791159670588864,1.8081162564698834,1.8464964952837386,1.8463260230924747,1.9062025872670296,1.915449601196664,1.9548936958415941,1.9806583783119325,2.005875904662224,2.035054184217719,2.049764354478663,2.08380061819387,2.1417133623938787,2.1745902956733056,2.2233204530646655,2.2600307114986036,2.2880044492627616,2.3960224917895374,2.4188306895202354,2.4631868404805317,2.5060663416560667,2.585949748169801,2.639857269800589,2.710803888412022,2.8086379068153473,2.8634473457070055,2.951084601208822,3.0445044024233234,3.095330104880473,3.1962576323709273,3.2720670549574695,3.332451455731502,3.4100214931952535,3.489537208652318,3.597906261535812,3.666244186670845,3.753326329757634,3.8507829965209495,3.9210047609359306,4.009824468586419,4.090624209252873,4.15247401942573,4.259486447456585,4.342038663861447,4.428852430313142,4.517100141025587,4.615399291362004,4.705820289917617,4.785820135875901,4.861254458720316,4.926790837039072,5.016038622604481,5.097331010593551,5.1697036960237055,5.242830035837942,5.330545554459078,5.420153167538962,5.477663459610213,5.5606734222103125,5.64452534461457,5.728944223220946
9.7,-0.040773341643287275,2.0,5.8918933355530285,5.969605985672294,6.046341218773664,6.111690042225017,6.1910888743421575,6.241814481714795,6.307282662498385,6.377838309565322,6.449560605438281,6.504032602603706,6.578657320925304,6.641597948145299,6.691054500950812,6.760433941999951,6.824729227788232,6.83713712396874,6.915521093261487,6.959584059204668,7.0135651684051945,7.037797383076178,7.121332175284355,7.1293726766351915,7.174824927789003,1.067489090204015,1.003212522055671,0.9465089384913291,0.8961308957702517,0.8510908396904346,0.8105967856477624,0.7740062001990536,0.7407923456080322,0.7105193274257491,0.6828233279779843,0.6573983076355934,0.6339849803083616,0.6123622206154266,0.5923402991831522,0.5737555078622331,0.5588383053652916,0.5646629231613949,0.5707860006868787,0.5772211499290789,0.5839830387167457,0.5910874839739453,0.5985515555338098,0.6063936919039966,0.6146338295913295,0.6232935478468399,0.6323962309920577,0.6419672508422387,0.6520341721638842,0.6626269846066598,0.6737783651513782,0.6855239758381471,0.6979028024097012,0.7109575405590507,0.7247350377517443,0.7392868001569176,0.7546695761389888,1.920682034935128,1.9075611071786531,1.8967627901336284,1.8700929294273678,1.8615967452673918,1.859948940892427,1.834248346196591,1.8353605910080364,1.809728988807816,1.8046430724770053,1.803965858426241,1.7764820570375244,1.7793085720684083,1.7546245586687337,1.7475440922902181,1.7603859784845886,1.743647491803899,1.734230293101734,1.7293389805239348,1.7227391057914823,1.7055155113650684,1.7167626056372474,1.7136981928647328,1.727934711799916,1.7290637746324093,1.718308096948973,1.6979527961492853,1.6930561712301364,1.6923962121587097,1.706260947069861,1.7246433169802555,1.720781983717745,1.7126031105973893,1.7299543416157541,1.7209307186363585,1.7177151661415289,1.718236845883989,1.7386243188517299,1.7388856915167281,1.7579591774905465,1.7218071060688527,1.7655836400321256,1.7636329407462188,1.793182677298154,1.7737508425252055,1.7663986394287585,1.7837386092418548,1.7931168241686994,1.8181805241885565,1.8609589706854637,1.828446506035394,1.8567409649473885,1.885208744892206,1.8911645651307976,1.8989009078594135,1.9189970576234698,1.9307060068753534,1.9537517961035873,1.988799810883526,2.01442336324798,2.035874891165749,2.026412502670965,2.054229646271606,2.0902580262062216,2.1148588097713055,2.1388478195079683,2.171774138358532,2.198533780744114,2.244164694260182,2.2710510733173526,2.301911358627499,2.352730074112597,2.378464039518763,2.4230758021727326,2.467236499722924,2.5138614329622717,2.563272431240219,2.614887998346026,2.6581685692158272,2.732516171315646,2.799325632339066,2.861443215800118,2.9141660853929587,3.0068966715855217,3.0631700138432114,3.1623198321600197,3.240271569035798,3.350735472150448,3.410166544667829,3.5367864061511605,3.6626153548278593,3.785421764111335,3.933843081027338,4.038139691968497,4.2397531310720815,4.392190407684385,4.596929236641294,4.820893597091584,5.03347250674382,5.321289700923018,5.58650284094655,5.910835338049054,6.259337672576104,6.732233290436864,7.114470883433591,7.7093008763417865,8.42231619953462,9.128121535121974,10.133665660252039,11.148995236590038,12.704920610083123,17.606438286680255,17.533837162114146,17.42305643551247,17.28662351919426,17.152253709409013,17.001896594264686,16.757910202743904,16.55645520806058,16.27208966135251,16.023896335879154,15.634288473231873,15.222013341984189,14.617652676377404,13.403669395914669,11.746812354386977,10.231686446884973,9.247382846303253,8.269393354177307,7.618511714743364,6.956754689848625,6.484837099980648,6.018823597416833,5.609458594500323,5.320624359549722,5.003868517307376,4.736497086130887,4.4744355862128655,4.303116956144778,4.069265491418999,3.9422627700083197,3.7485151160588863,3.599935026315513,3.4708829859242383,3.3338850205627244,3.2326025791561883,3.1323443831831885,3.053267043400532,2.929749409283021,2.8466586436430514,2.7824950871378946,2.706839520600018,2.6332454950670794,2.584856781873612,2.5306583801782745,2.460052825827439,2.4051163319644018,2.3318698791839703,2.307910916645647,2.264204986554979,2.2129043843722753,2.1806023304819053,2.1369538723957002,2.106398480415452,2.039155724620896,2.028232942404268,2.002148931251559,1.9653731354828163,1.953682982390926,1.9034741663936727,1.883164761410919,1.8688364166175098,1.8579699422359712,1.8192225201769499,1.792256589811199,1.7486368289536114,1.7643678130990867,1.735534892943842,1.717511627980298,1.6975299404667046,1.6758530459917187,1.6552344088211828,1.6578807319511677,1.6195382917341365,1.6268455503138208,1.613014334211174,1.59066568732792,1.6007031134342506,1.5610748937517458,1.5736959300998945,1.5643953712399787,1.5495681006061999,1.538171401509443,1.5495421380735623,1.5494497985375713,1.522343381194045,1.514488875404918,1.516598354733208,1.5024095011776668,1.4975181335534704,1.4992403287171134,1.4909221484606552,1.511666679493461,1.4991791151459097,1.5098081211360475,1.519690458797042,1.502510990007623,1.4949632082344697,1.506113408944635,1.4983607849377794,1.511177036685664,1.4940471959848853,1.492313721299006,1.4976052423695636,1.4992156146186428,1.4990160068709346,1.498014299967341,1.5200538115081792,1.5147616793572092,1.521485904410077,1.5099057464088472,1.5446518157274038,1.5411430470265106,1.5315234251286665,1.5505655184409797,1.54189315078387,1.5483401730875932,1.5804412122091511,1.5597448168745731,1.5906748459079998,1.6253245096556308,1.6055042130639987,1.6347855900074466,1.6397675943837569,1.6657607685568927,1.6638056800996166,1.6946438436119604,1.7098019012967496,1.7267237941256621,1.737532865797422,1.7685656004572543,1.783297756770794,1.7931902011095027,1.8185464743141495,1.8394846390309392,1.8879058494819938,1.8927398431458586,1.916518549601177,1.9453993055026526,1.989260577695297,2.0312940852362913,2.056784268845128,2.089274280479427,2.0986721092986684,2.1432026443038774,2.2091191224252804,2.24218978753322,2.286765182653867,2.346160350526592,2.376989007783842,2.4277176976041033,2.5186044872666704,2.5636267798510857,2.6085622280330876,2.6605427236090047,2.7827087172221296,2.870707279904028,2.9108046143230015,3.0219481705937197,3.1063901177510496,3.1943429644596892,3.2413916227377775,3.367701550091669,3.453525845442506,3.5398415935757668,3.638750173858509,3.747067107409857,3.848724851778321,3.9427883065235543,4.0079875312220965,4.099916647537915,4.176148288192,4.265044424259422,4.3867653048819815,4.4511869297317785,4.5813770728374745,4.662215189026765,4.709253356807863,4.825436687393414,4.933375717668298,5.003954815246115,5.0749482894192495,5.165904062011203,5.277162041499503,5.32090932215485,5.425273150630737,5.530016512245107,5.603333797434822,5.638218755885915,5.751024829122572,5.79438546203875
9.8,-0.036359067139259994,2.0,6.000511656082381,6.089808911766992,6.176250563157643,6.244583019073892,6.326799168920843,6.38426446355373,6.444808315216043,6.5134795263371155,6.620074953080205,6.654748480384906,6.7439075171086955,6.769085279302963,6.852517065078113,6.8881220886829,6.948132095156098,7.017815989621845,7.06781696893606,7.092856768219079,7.151845285607648,7.211832083600777,7.246663860202841,7.274730612862905,1.0902164912618642,1.0178999689405548,0.954853355862402,0.8994192664165246,0.8503133655213442,0.8065250115138551,0.7672480482427209,0.7318315868642531,0.6997443507025107,0.6705484141586495,0.6438795695894778,0.6194324493277693,0.6177539296625413,0.6231016867640983,0.6287361050708304,0.6346685155479782,0.640911103653925,0.6474769773309479,0.6543802422180784,0.661636084957437,0.6692608655902307,0.6772722201837271,0.6856891749996729,0.6945322737123331,0.7038237194160947,0.7135875334349789,0.7238497332676572,0.7346385323814687,0.7459845650197613,0.7579211397235965,0.7704845259100658,0.7837142786183134,2.0461779994300544,2.032225100470229,2.0072701242296827,2.011495712279092,1.9925452160208044,1.9641369284769645,1.933942036914286,1.899665391719119,1.9026943691874627,1.8646834228730127,1.865704539556274,1.864127784917161,1.843559085616849,1.8408996409360587,1.8127009476091172,1.8168235524075127,1.794231418967497,1.7992443854283617,1.8165200358883442,1.7805738115895733,1.766721000486296,1.75390471981014,1.7528801585555822,1.7183014829869865,1.7396590136993437,1.7491944486206357,1.7314840943547685,1.7053077581880491,1.7114108505777101,1.729695057879279,1.7139125383760803,1.6992705340118055,1.7175549972384052,1.7344810152242105,1.7223228998498907,1.7182863241202753,1.7351837496579992,1.7079347682986779,1.7086655841499565,1.7116806097478898,1.7096870412954885,1.7443275830316856,1.7486685431570848,1.7345671196418813,1.7438134245299861,1.7191487527940112,1.7676992035627195,1.7546913895164493,1.7758990866876707,1.767046440483948,1.781355050444189,1.7961929740149478,1.7843902163964027,1.8403373624851647,1.8058750486981008,1.8354702065065114,1.8650552333313504,1.8634094882120629,1.8840787495747036,1.9060221084877162,1.9034281958818526,1.9082350906696302,1.947247762513569,1.957929917400471,2.00514091440227,1.9918714777280455,2.013063800289225,2.0384422034587057,2.0751958640084123,2.1105978906227985,2.122172477475198,2.1474962760304903,2.1673876011935476,2.2206451427873697,2.2377325133955686,2.282133899200507,2.326501944829442,2.3514106700135846,2.371930454779826,2.44819311849975,2.4902550740738723,2.5168029032838533,2.5744723434743637,2.6152583514289884,2.6682505539027543,2.7452951466274587,2.800158611572535,2.8405096221630934,2.9273167308502552,2.9986486613940366,3.073120669416721,3.1729580475050154,3.239409296017141,3.333009428835953,3.445648956303333,3.5537404874341396,3.6569487160738356,3.7840510217554577,3.939311222562941,4.072074366380785,4.25600052416152,4.40164957827533,4.633758887903807,4.794672527776734,5.075534649139276,5.28312472750452,5.598588340250699,5.950566081318918,6.292419943365726,6.710736524581284,7.1786081237770265,7.735594973723568,8.316644319833722,9.153240382988661,10.153859943550096,11.20226724841753,12.746625931751456,17.391719996619514,17.308264765798583,17.193721760447218,17.08864783558111,16.946519363455643,16.759336007763068,16.56664793426164,16.35916010472723,16.09358544756004,15.822264180826783,15.436643298077154,15.022392713876465,14.459419647738912,13.725372057100401,11.686173248693677,10.195624933417795,9.207237597472389,8.238459140533568,7.600653556785429,6.936379324875437,6.461040236874586,5.976599891496799,5.642763339242342,5.280344492071174,4.9583720309959665,4.705707635781546,4.474553534448917,4.260717743655689,4.063952043474722,3.9241204120020288,3.751972359955437,3.605100167406943,3.444852783154197,3.340246359461291,3.2286366932724846,3.130904886439517,3.0302431757502686,2.9317675897977247,2.855034834495571,2.7430282805660844,2.6987992606954307,2.631589454493287,2.568328346018758,2.5124157096482067,2.4585841618823774,2.4061964547670796,2.319936574506812,2.3050227478006864,2.257813096296421,2.205001817526028,2.1632688889278207,2.1282844676139,2.090898754286405,2.057342954310024,2.0159990668399357,1.9829968756126672,1.94851554200141,1.9097862020963756,1.9040698200959778,1.8858651225526992,1.8213746542687566,1.8075815405987319,1.800215811260892,1.7792198635658334,1.7597524165460547,1.7472811386794829,1.7072891777562855,1.6872233142684938,1.7034137023380274,1.7007972404741385,1.6775523397042469,1.6367773158285843,1.619314942873504,1.6049513307317351,1.5973249980617195,1.6020924261212535,1.5817663792674856,1.5809587052278269,1.5582368260131552,1.574824295260109,1.522158812257412,1.5383937246486745,1.5512316538302073,1.5227769115153078,1.5147694148871056,1.5125891545547645,1.511042691535871,1.482202761529255,1.4902428585864345,1.5127279991209195,1.5224526832765983,1.5044115610752824,1.475090213516613,1.4839647048868443,1.4618959377872307,1.5004717696263012,1.4872874469466135,1.4755877576336285,1.4816176100361371,1.5039736574502318,1.4847200930614293,1.4905419187364832,1.4718775639815305,1.5011596334529147,1.5142446383604764,1.4987573993007721,1.4921867922620555,1.5114676935183378,1.5267657857677015,1.512236028207812,1.5276503847801055,1.5472106882823995,1.548799132224838,1.5487452287075127,1.566957801066388,1.5588329572920308,1.5912396399895616,1.5774964828530083,1.612304109029877,1.6030611961689782,1.6232337754855204,1.626905472960224,1.6399928422275145,1.6625167827108007,1.6441621230338845,1.6836975596551207,1.7015873395349932,1.7165748136328456,1.7374702431994802,1.7547178216669206,1.7736689798596708,1.8110173009450374,1.8236389093819851,1.8475301536519275,1.8670778814961728,1.8850113994873368,1.922271645507313,1.9324985561052157,1.9915179102348635,2.0085579276493024,2.051314456862122,2.093555844155707,2.103851276891847,2.144117669311684,2.1667693428879313,2.207701634981942,2.244899751837236,2.3229954850094976,2.3850066922062596,2.4092475333426955,2.485718892448289,2.5291399447300225,2.5966303645214452,2.655786485856703,2.7270792019320416,2.8140181931498818,2.912764340206316,2.9876388283018405,3.0689348143231463,3.1921389035835324,3.2798694227265837,3.389984670963526,3.4892968761284666,3.563019663085454,3.6738698193867956,3.8095503061518716,3.9167474629532295,3.9844486701837525,4.11078530151385,4.208272920017878,4.294205518808062,4.369150849736893,4.5055295651542595,4.583835902305566,4.706606198075043,4.760237560431333,4.869194412763122,5.016805731792433,5.047179697501802,5.18118184815282,5.245256288732001,5.342746285490692,5.418572573064067,5.542635598336422,5.647521600703766,5.667859238829723,5.778630300969975,5.850395653545352,5.939101093489289
9.9,-0.027017363097379028,2.0,6.152917229298643,6.245691577006126,6.327430342198732,6.4144094755654715,6.4937617408095685,6.551990574581643,6.629446139592625,6.696897071975029,6.79116433162416,6.831110001223164,6.88742859536968,6.965532831541022,7.0719844556253015,7.100504044655457,7.133915082926475,7.208840973006688,7.2588364512411685,7.301763292047177,7.338111111137681,7.434339585840664,1.1742636284899794,1.0831201302897373,1.0053905202718258,0.9383371285561489,0.8799199859590557,0.8285878859021862,0.7831402876046707,0.7426335371967413,0.7063156563198162,0.674298108041695,0.6788794450506994,0.6837332364234748,0.6888683603660553,0.6942943710223176,0.700021545352877,0.7060609347608173,0.7124244219795415,0.7191247838065251,0.7261757603454125,0.7335921315093816,0.7413898016430857,0.7495858932411957,0.7581988508814878,0.7672485566530716,0.7767564585498973,0.7867457135211755,0.7972413471299213,0.8082704320758803,0.8198622881987305,0.8320487070026706,2.182962263146036,2.170534233643894,2.1430256338440152,2.1052378317898555,2.0947024194458663,2.067496250775666,2.0398498163231107,2.0173424460389167,1.9882702913119827,1.9880219161799657,1.9468364778140366,1.9332566607113264,1.9404724890752627,1.891204987535983,1.8732484973927757,1.8887504923933973,1.8553946191336494,1.826519565173364,1.8344607028206934,1.8315296728860595,1.8129205855350947,1.8016970274585637,1.7958947918260408,1.7819068904622581,1.771592798200575,1.751238998902788,1.7705448144175981,1.7489072149191194,1.757642924660791,1.7439286014420925,1.7293989624093387,1.719214257191451,1.7450837094330331,1.7231802956113174,1.7333948476914247,1.7163839386460409,1.7368050093351133,1.7279685279123214,1.7191428132155115,1.731842279686567,1.712838015756676,1.7219616283020152,1.7497478935218556,1.7243103581159205,1.7354319251998238,1.7339493336836034,1.7296608979603783,1.7337176727947599,1.7574224412377244,1.7538892192532984,1.74738164612916,1.7485359406589924,1.7713575918829148,1.7649944929686987,1.7888873967412193,1.8100562040783372,1.797876960322717,1.8166563086871181,1.821941177524525,1.8520940531874062,1.853072927050526,1.8664241523526137,1.8852291734656037,1.8869565426152335,1.907213009248481,1.9072777959817713,1.9390141195235193,1.960532345590469,1.9836049127659228,2.0182046421809403,2.0180174007901748,2.023743501847156,2.0584760053229765,2.0698711869218465,2.106727029972099,2.13336233681859,2.1688399298854835,2.2055820185247796,2.256208506029284,2.2564337675015844,2.2974714970287677,2.346526943939391,2.368867184788488,2.4185805399905087,2.4619244995086076,2.510641859230503,2.5663280154975454,2.6127017660081533,2.6630544108966956,2.693889889580722,2.7692835121213664,2.8290729300432083,2.9052155901022325,2.9829689499063554,3.0325717540436843,3.1636817633860614,3.194592721993844,3.3069401270094456,3.410876359661463,3.4845414705437188,3.592205532647331,3.727798367223318,3.8824010300539795,4.00875444689784,4.175104103428163,4.3022538579675205,4.527393521837162,4.695616703277699,4.9485792657538745,5.149041837825281,5.455236481376467,5.782467052645868,6.102018912557604,6.52200863206223,6.9286991516374,7.460817710440771,8.000396696955727,8.753484667182315,9.668677131331945,10.568498484357775,11.959370483307099,17.222245627596042,17.134937269660817,17.072490080351752,16.953252332425492,16.845516388564484,16.648717525542505,16.467889805032957,16.25495916108238,16.030680979672596,15.762214526568298,15.440853740600698,15.083147986674941,14.62138271585443,14.041979541231871,12.606711645215427,10.838734930682357,9.711583726126118,8.659650090188224,7.93488650834691,7.202388132334788,6.723020057812722,6.201438570020366,5.823598029060619,5.4342996787654245,5.105531844998416,4.822971366785126,4.570295025459611,4.3845512810364315,4.159247973011097,3.9831279400986266,3.8032716448704087,3.6915255733648484,3.542425231518417,3.371583377947029,3.280474140913365,3.1551236009305432,3.0729391053971185,2.956144614265329,2.8702116825263237,2.804688094250582,2.7365085726489426,2.6585783906176794,2.6082563517005006,2.5291721795641813,2.4736564051225822,2.414021239495197,2.382761712944032,2.309517754191326,2.254831372886357,2.21399037909469,2.169289902369794,2.1440936131679798,2.101154119805209,2.0738026563007965,2.0156814588467427,2.013032254325478,1.963841289966075,1.9358423275172192,1.9105651412757028,1.8689171348135638,1.856235199245673,1.8456793178361979,1.8047853980806745,1.7775111328701596,1.7698467475775657,1.732432859250925,1.6988686169842755,1.732879014960818,1.6845351203265806,1.66821338169594,1.6553528777562425,1.6246183282237128,1.6574040441953983,1.6209937115830382,1.6010885617236743,1.6039535428047516,1.5654350938809773,1.578910379167649,1.554394596382615,1.5487200980607405,1.5457035636208711,1.5383855068477252,1.5235895270676838,1.5213738939454837,1.5155150227410663,1.5194354968680888,1.5149590054193514,1.4915988695294746,1.4970593675970576,1.4888442974441987,1.485038294371309,1.4718049792648598,1.5018178846003805,1.4729012233895806,1.4718782851679868,1.4835884529079153,1.4941669064013356,1.4633075582547066,1.471941510049881,1.453668889504723,1.4727543869103457,1.4932135288163157,1.4915265186969826,1.4883381352470941,1.4796164210767233,1.502083999306175,1.5014546691184623,1.4957192145865654,1.4959023651203747,1.4911815233443604,1.5248465698899911,1.5201584698921076,1.49896617388306,1.5326621758198153,1.5508280103754069,1.559298052333156,1.5716963671289756,1.5604425484788549,1.586558656309747,1.5778303299098733,1.6063853145011855,1.6305594813750306,1.616743824648451,1.6364556208024283,1.6697247815415368,1.660449979047975,1.6768457729330286,1.7179539147056484,1.7415223750026656,1.7472442101166676,1.7562779924914582,1.797306643316546,1.7925539317828048,1.8144069525218145,1.8577882911206023,1.8626482970427636,1.8872523292398304,1.9176682978945419,1.9435239716278072,1.9901250426214956,2.0154348978698295,2.0571352347014304,2.0666076934136974,2.110998183632048,2.1699852855543837,2.1820476251015415,2.2522880956802704,2.2742127670251713,2.327178603857439,2.382163956084062,2.4485989886966064,2.5023621055073684,2.567749154172584,2.6314305576336934,2.701614030982796,2.76174058226787,2.8307393175791713,2.9491108989176897,3.0222250998252917,3.1472460941627833,3.2384261429658303,3.333260539927778,3.4407204806419673,3.5672451100269265,3.6797131573681034,3.795333822090466,3.929479341328421,4.020906543001257,4.113970412989865,4.244820830886774,4.334055520608091,4.437090242601946,4.554666550988238,4.663476709229893,4.7690802535941295,4.8912461122548185,4.983350106850242,5.082696568232353,5.200504373893975,5.287711737201938,5.3758266179634955,5.470637281115599,5.53977258676014,5.650056278089607,5.771132832985994,5.855628195979087,5.904951571225442,6.033112269896201,6.097795166416995
10.0,-0.023500043767161048,2.0,6.3532152718061194,6.424557140794596,6.501359809526219,6.575450909990058,6.671426171731189,6.733608922415935,6.791671249508086,6.901772610940492,6.93311499064095,7.030199851959178,7.104761457086729,7.159096484866688,7.23985402015982,7.273833809991487,7.335806144059702,7.396788014274316,7.450809183105397,7.4784276422907645,1.2973986682355587,1.1764437685188094,1.0764185838464233,0.9923482115783938,0.9207188543048966,0.8589781247013845,0.8052272953558282,0.7580246500913912,0.7401507314257905,0.7443918519775733,0.7489113830045753,0.7537172080976439,0.7588178336902117,0.7642224281017224,0.7699408645015692,0.7759837681892722,0.7823625686375112,0.7890895568026097,0.7961779482732989,0.8036419529044065,0.8114968516691446,0.8197590815637843,0.8284463295139621,0.8375776363653588,0.8471735121962097,0.8572560643689005,0.8678491399474056,0.8789784843520658,2.3511368594426005,2.3238083720959337,2.304419797593547,2.2410839017335777,2.1900466434028885,2.177347873691672,2.1574248505743236,2.141723192127844,2.0917244567877646,2.098878495147526,2.0589716705788663,2.013465378345717,1.9853135531228439,1.9832756012905022,1.9551016757598776,1.9235457490326737,1.9406230483846982,1.9250042821017237,1.8787000304370172,1.8704944961334513,1.8701727096147316,1.848688234648141,1.8365222786428987,1.8266471239443425,1.8101804098975485,1.8218029713976591,1.7883209775501723,1.8078706491098508,1.7894028992732105,1.7781524527269552,1.750771379269243,1.7550950833883878,1.7605196071947542,1.7500867429931266,1.7473150824914006,1.731225995331273,1.7505718344877337,1.732108039984926,1.739890370007566,1.7088470381100767,1.7221276150495402,1.7291270894706734,1.7315299344130952,1.7306237849616553,1.7236120234903052,1.721797189514376,1.716703472852251,1.7487936610274861,1.729094564314866,1.7318118404312561,1.7485798628073927,1.7364656810597274,1.7496734048806106,1.7623723728834684,1.7567771427808656,1.7680464786204,1.7593147349573182,1.783399030665544,1.772004199314263,1.8075679326526473,1.8143951566206356,1.8076039604311884,1.8358942207394022,1.8349088041573742,1.8392242180299252,1.8676252182322053,1.879753068016201,1.8937969676862034,1.893836950689385,1.9250467681346652,1.9681584492981272,1.9741290372560487,1.9634027047856053,2.015982849339408,2.0314546266668203,2.0386841512905307,2.0772285677449864,2.073444941862271,2.1060586592219326,2.131018805728991,2.142979247785187,2.201985116356913,2.216541164346503,2.2596974866822768,2.2774432711725994,2.308659536713738,2.3726453057014623,2.3976553751861207,2.426001091903857,2.493133755516828,2.5567603967602386,2.5761313465231916,2.615942298083363,2.6871180990518146,2.7333457228898563,2.783856082269709,2.844034668270011,2.9432798203609294,2.9905889311234275,3.0895585355227504,3.185241848418163,3.2351370491126787,3.3615066597373295,3.4591186670888607,3.5746531546659317,3.6960352329324935,3.807751945462374,3.9416502677661716,4.092423613608736,4.253930088784753,4.435966012504797,4.611137498582309,4.841295998774482,5.079409282233393,5.311673442535399,5.631291972368818,5.93042971496402,6.318723468957952,6.681059510036774,7.203187840277614,7.674232756474905,8.379676619646206,9.186427880173136,10.047400209531656,11.275448929530304,12.502939409372381,16.979256200718734,16.913124291311405,16.820164865648497,16.701077085552555,16.538417363462045,16.348363132916106,16.191896181702116,15.934699069419224,15.70724682579831,15.391770460992117,15.117573163266261,14.671321033861211,14.274831833439656,13.461587712301219,11.618578922765701,10.339096213132017,9.135532747322625,8.363610489478834,7.536533234905139,6.9916591835518815,6.450029848231015,6.024012363944778,5.616972489799658,5.25325011277775,4.984485737784143,4.695788034470349,4.475994463800032,4.252432066988985,4.081934615612662,3.8729162254105063,3.7350695417072854,3.581645844383301,3.4452819656924323,3.3317680051094443,3.191292691572451,3.1138362916191737,2.9952641583941904,2.8962982855258144,2.8362689662456986,2.7678630391422834,2.6839051524691686,2.614958331480473,2.5712310697939147,2.478132074553965,2.4305506703539463,2.368716001644461,2.3386934172035505,2.2797680159069555,2.246170773797605,2.164687497672442,2.143106338642447,2.123181481050558,2.082090714744841,2.0460263996503523,1.9921442892059622,1.9780075236376353,1.9373220528575856,1.9247213802721985,1.864436522969189,1.8481846811675713,1.840299617300421,1.8138630118728143,1.8060913550606668,1.770951182275933,1.7611132300130121,1.7284941967532441,1.7196042322183367,1.7069254471254371,1.6758892028510295,1.6528944059157458,1.651271083423814,1.6528789591636708,1.6198014650634607,1.6188336054189685,1.5869223264760923,1.5751794480213224,1.5983055785195177,1.5634959145433227,1.56565259020699,1.540148259562512,1.5220494702101681,1.539214021269383,1.5164635425887294,1.5071294417561187,1.509959146694254,1.5025593552713534,1.516404002090089,1.507300712856935,1.5041172706678896,1.4725811311392005,1.4820176741214417,1.4869984957924534,1.467666562764154,1.4939731914288779,1.4791688548205635,1.462452925721063,1.4944377350666678,1.4850667796875834,1.4926153691943553,1.4743714853680416,1.4805012860187763,1.4733264300107876,1.4779460400874114,1.475069836950582,1.4846708909829125,1.492873046473898,1.5095806301311967,1.5049495072035917,1.506852066798154,1.4885566730846496,1.5185386109473098,1.534335004078859,1.5238485469378285,1.5343231482152304,1.5406391587057864,1.5591313209161746,1.590091305232766,1.5832958061992055,1.5778619785519779,1.5961180905154855,1.5975257630787436,1.6281514302578164,1.602886905520276,1.6324243518696004,1.658874019591433,1.6908603608578574,1.6910017764984888,1.7073122826691418,1.7220057232022568,1.7298335965968812,1.7574668552556543,1.7892191060012352,1.8080857702620396,1.806237403316704,1.8321563324303092,1.8605778760142482,1.8791715872320678,1.922606992331073,1.9577922805592909,1.9741912777203658,2.0158564353736965,2.069653625858153,2.0995135657335795,2.1291828025488497,2.1662958145895623,2.197278844954818,2.2497803376890553,2.31297999651511,2.3427357251779033,2.3858386403946996,2.4491152751797713,2.5183856448511706,2.5733455429395753,2.638481773851161,2.710753861475914,2.787965854353977,2.878366790448642,2.9576804863863724,3.051856557935458,3.157698678593926,3.2479861487525628,3.38414830150549,3.5188744495189144,3.648536909674693,3.768282180112409,3.9230153871204276,4.041435182362976,4.143770797082401,4.253144762438679,4.375040730737393,4.477819458846331,4.601802655528239,4.714813322701593,4.82667582399789,4.96248879799843,5.060818736100004,5.165313879496216,5.2898837466240245,5.3745506779596255,5.488119942072152,5.582330327512969,5.65602966956375,5.7760896625877,5.887724872183633,5.967673681162579,6.089430531450469,6.158075767861644,6.2366453112874405
